100 0 0.977628 0.578125 0.59715
200 0 0.846317 0.792969 0.7819
300 0 0.648472 0.808594 0.7845
400 1 0.575584 0.847656 0.8268
500 1 0.630554 0.851562 0.85665
600 1 0.613339 0.859375 0.85625
700 1 0.570871 0.875 0.8486
800 2 0.502633 0.875 0.87185
900 2 0.520029 0.929688 0.9014
1000 2 0.445249 0.945312 0.8957
1100 2 0.399652 0.949219 0.917
1200 3 0.345027 0.941406 0.90965
1300 3 0.483604 0.929688 0.9103
1400 3 0.410192 0.953125 0.913
1500 3 0.45167 0.949219 0.9186
1600 4 0.334326 0.960938 0.91955
1700 4 0.292039 0.972656 0.9207
1800 4 0.343803 0.933594 0.91565
1900 4 0.211073 0.949219 0.8879
2000 5 0.245092 0.972656 0.9187
2100 5 0.280814 0.960938 0.9278
2200 5 0.227905 0.964844 0.91675
2300 5 0.271139 0.953125 0.9088
2400 6 0.162078 0.976562 0.91635
2500 6 0.175991 0.984375 0.9217
2600 6 0.279607 0.964844 0.91625
2700 6 0.259506 0.964844 0.9271
2800 7 0.177064 0.984375 0.92335
2900 7 0.193315 0.972656 0.9224
3000 7 0.171877 0.972656 0.91095
3100 7 0.150457 0.984375 0.91925
3200 8 0.123383 1.0 0.9253
3300 8 0.173932 0.988281 0.91575
3400 8 0.161532 0.976562 0.9132
3500 8 0.125761 0.980469 0.9206
3600 9 0.124291 0.96875 0.9193
3700 9 0.143272 0.988281 0.92295
3800 9 0.138558 0.980469 0.91835
3900 9 0.136627 0.996094 0.93185
4000 10 0.115086 1.0 0.92745
4100 10 0.0964345 0.996094 0.9232
4200 10 0.118966 0.957031 0.8965
4300 11 0.111098 0.992188 0.9307
4400 11 0.0892657 0.992188 0.9298
4500 11 0.0992778 0.996094 0.92785
4600 11 0.10448 1.0 0.9328
4700 12 0.0788474 1.0 0.9294
4800 12 0.0869636 0.988281 0.92965
4900 12 0.107043 0.992188 0.93385
5000 12 0.0970719 1.0 0.93385
5100 13 0.0994612 1.0 0.93505
5200 13 0.0858832 0.992188 0.93325
5300 13 0.0843557 1.0 0.9346
5400 13 0.0812039 0.996094 0.93065
5500 14 0.0694622 1.0 0.92835
5600 14 0.0751688 1.0 0.93475
5700 14 0.0796528 0.996094 0.9352
5800 14 0.075916 1.0 0.93525
5900 15 0.0672321 1.0 0.93545
6000 15 0.0722124 1.0 0.9362
6100 15 0.0708208 1.0 0.9336
6200 15 0.0763952 1.0 0.93595
6300 16 0.0741586 1.0 0.93605
6400 16 0.0790997 1.0 0.93515
6500 16 0.0708297 1.0 0.93535
6600 16 0.0657062 1.0 0.93565
6700 17 0.076573 1.0 0.93675
6800 17 0.0669799 1.0 0.9351
6900 17 0.0741867 1.0 0.93635
7000 17 0.0722092 1.0 0.9372
7100 18 0.0726414 1.0 0.93505
7200 18 0.0665877 1.0 0.93655
7300 18 0.0744819 1.0 0.9367
7400 18 0.0876297 1.0 0.9369
7500 19 0.0668036 1.0 0.93785
7600 19 0.0808923 1.0 0.93775
7700 19 0.0626812 1.0 0.93665
7800 19 0.0776064 1.0 0.93875
7900 20 0.0602178 1.0 0.93885
8000 20 0.0594214 1.0 0.9383
8100 20 0.0579899 1.0 0.93735
8200 20 0.0632888 1.0 0.9378
8300 21 0.059771 1.0 0.9385
8400 21 0.0649182 1.0 0.9386
8500 21 0.0678115 1.0 0.93635
8600 22 0.0618657 1.0 0.9379
8700 22 0.0656746 1.0 0.93875
8800 22 0.0641281 1.0 0.93915
8900 22 0.0688954 1.0 0.9378
9000 23 0.0563751 1.0 0.93835
9100 23 0.0581629 1.0 0.93925
9200 23 0.0511435 1.0 0.93815
9300 23 0.0644985 1.0 0.939
9400 24 0.0589424 1.0 0.9375
9500 24 0.0561439 1.0 0.9385
9600 24 0.0573908 1.0 0.9389
9700 24 0.0603377 1.0 0.93885
9800 25 0.052269 1.0 0.93865
9900 25 0.0583603 1.0 0.9387
10000 25 0.0587845 1.0 0.93925
10100 25 0.0537114 1.0 0.9397
10200 26 0.0518273 1.0 0.93955
10300 26 0.0647894 1.0 0.93915
10400 26 0.058736 1.0 0.9383
10500 26 0.0568993 1.0 0.9384
10600 27 0.0531437 1.0 0.93905
10700 27 0.0592604 1.0 0.93855
10800 27 0.0643597 1.0 0.93945
10900 27 0.0569195 1.0 0.94
11000 28 0.0547651 1.0 0.9395
11100 28 0.054458 1.0 0.93905
11200 28 0.0523037 1.0 0.9394
11300 28 0.0499015 1.0 0.9397
11400 29 0.056133 1.0 0.93945
11500 29 0.0524062 1.0 0.9399
11600 29 0.0516152 1.0 0.9394
11700 29 0.0599471 1.0 0.93915
11800 30 0.0566876 1.0 0.94
11900 30 0.0534132 1.0 0.9401
12000 30 0.0533016 1.0 0.93975
12100 30 0.053255 1.0 0.93985
12200 31 0.0635941 1.0 0.9401
12300 31 0.0504621 1.0 0.9401
12400 31 0.0544317 1.0 0.9401
12500 31 0.0471052 1.0 0.9402
12600 32 0.0550474 1.0 0.9406
12700 32 0.0594011 1.0 0.94055
12800 32 0.0543333 1.0 0.9401
12900 33 0.0570177 1.0 0.9402
13000 33 0.0569903 1.0 0.94035
13100 33 0.0483522 1.0 0.93995
13200 33 0.0541562 1.0 0.94025
13300 34 0.0550808 1.0 0.9404
13400 34 0.0540743 1.0 0.94025
13500 34 0.0584145 1.0 0.94005
13600 34 0.0511484 1.0 0.94005
13700 35 0.0509309 1.0 0.9402
13800 35 0.0511145 1.0 0.94045
13900 35 0.0522774 1.0 0.94045
14000 35 0.0530956 1.0 0.94035
14100 36 0.0520366 1.0 0.94015
14200 36 0.0658425 1.0 0.9405
14300 36 0.0499608 1.0 0.94
14400 36 0.0488959 1.0 0.94065
14500 37 0.0517496 1.0 0.94005
14600 37 0.053711 1.0 0.94035
14700 37 0.0552319 1.0 0.9403
14800 37 0.0487654 1.0 0.94025
14900 38 0.0527436 1.0 0.9404
15000 38 0.0522353 1.0 0.94025
15100 38 0.0506665 1.0 0.9405
15200 38 0.0494229 1.0 0.94035
15300 39 0.0488023 1.0 0.9401
15400 39 0.0529553 1.0 0.94025
15500 39 0.0591062 1.0 0.9405
15600 39 0.0488699 1.0 0.9408

