100 0 1.0003245 0.54296875 0.5905
200 0 0.9176066 0.70703125 0.6994
300 0 0.67194366 0.74609375 0.72735
400 0 0.71921545 0.80859375 0.8062
500 1 0.549067 0.84765625 0.82060003
600 1 0.5500214 0.921875 0.8789
700 1 0.5287074 0.87890625 0.8411
800 1 0.61322427 0.90234375 0.8917
900 1 0.42105353 0.9140625 0.8954
1000 2 0.49517453 0.87890625 0.89265
1100 2 0.4618256 0.93359375 0.9125
1200 2 0.40266198 0.95703125 0.91725004
1300 2 0.43208846 0.953125 0.92415
1400 2 0.4587614 0.9453125 0.9223
1500 3 0.28758985 0.9765625 0.91815
1600 3 0.3543459 0.9453125 0.9181
1700 3 0.37457943 0.94140625 0.92065
1800 3 0.29854253 0.9609375 0.92005
1900 4 0.26300448 0.96875 0.92635
2018-08-06 12:50:11.324196: W tensorflow/stream_executor/cuda/cuda_dnn.cc:2223] 
2000 4 0.20973913 0.9921875 0.91955
2100 4 0.3578333 0.95703125 0.922
2200 4 0.28883144 0.97265625 0.9283
2018-08-06 12:50:20.791385: W tensorflow/stream_executor/cuda/cuda_dnn.cc:2223] 
2300 4 0.29963157 0.9453125 0.91875
2400 5 0.222024 0.98828125 0.92894995
2500 5 0.22352207 0.96484375 0.92569995
2600 5 0.20850432 0.98828125 0.9223
2700 5 0.17818153 0.98046875 0.92965
2800 5 0.2587589 0.96484375 0.9238
2900 6 0.23174873 0.984375 0.92935
2018-08-06 12:50:44.218652: W tensorflow/stream_executor/cuda/cuda_dnn.cc:2223] 
3000 6 0.2118434 0.98828125 0.92865
3100 6 0.1760121 0.984375 0.92065
3200 6 0.2242674 0.95703125 0.922
3300 7 0.15444708 0.99609375 0.9311
3400 7 0.17982796 0.98828125 0.9302
3500 7 0.15572357 0.99609375 0.9306
3600 7 0.20330769 0.98046875 0.92999995
3700 7 0.15899152 0.98828125 0.9331
2018-08-06 12:51:10.160440: W tensorflow/stream_executor/cuda/cuda_dnn.cc:2223] 
3800 8 0.1065193 1.0 0.9324
3900 8 0.09924759 1.0 0.92885
4000 8 0.11352466 1.0 0.93050003
4100 8 0.14715102 0.9921875 0.9299
4200 8 0.11023427 0.9921875 0.92955
4300 9 0.10099937 0.99609375 0.93079996
2018-08-06 12:51:28.974676: W tensorflow/stream_executor/cuda/cuda_dnn.cc:2223] 
4400 9 0.09873975 1.0 0.9329
4500 9 0.16284508 0.99609375 0.92789996
4600 9 0.094994895 0.99609375 0.93035
4700 10 0.08438737 1.0 0.9352
4800 10 0.08083533 1.0 0.92915
4900 10 0.09305036 0.99609375 0.93044996
5000 10 0.094825506 1.0 0.93555
5100 10 0.09878921 1.0 0.9369
2018-08-06 12:51:55.363447: W tensorflow/stream_executor/cuda/cuda_dnn.cc:2223] 
5200 11 0.09404118 1.0 0.93585
5300 11 0.08726644 1.0 0.93665004
2018-08-06 12:52:01.663037: W tensorflow/stream_executor/cuda/cuda_dnn.cc:2223] 
5400 11 0.090058915 1.0 0.93630004
5500 11 0.0875913 0.99609375 0.934
5600 11 0.09008497 1.0 0.9344
5700 12 0.07486583 0.99609375 0.93365
5800 12 0.07371944 1.0 0.93509996
5900 12 0.07278947 1.0 0.9375
6000 12 0.07460502 1.0 0.93735003
6100 13 0.06630663 1.0 0.93705
6200 13 0.06515489 1.0 0.93869996
6300 13 0.08425048 1.0 0.93859994
6400 13 0.06877411 1.0 0.9377
6500 13 0.07114725 1.0 0.93764997
6600 14 0.090500176 1.0 0.93705
6700 14 0.07045984 1.0 0.93825
6800 14 0.061563384 1.0 0.93895
6900 14 0.06291756 1.0 0.9371
7000 14 0.058609176 1.0 0.9383
7100 15 0.06302829 1.0 0.93770003
7200 15 0.0737952 1.0 0.93735003
7300 15 0.095766515 1.0 0.9375
2018-08-06 12:53:06.859805: W tensorflow/stream_executor/cuda/cuda_dnn.cc:2223] 
7400 15 0.0660764 1.0 0.93795
7500 15 0.05990918 1.0 0.93764997
7600 16 0.067267485 1.0 0.93745
7700 16 0.071246386 1.0 0.9389
7800 16 0.063544974 1.0 0.93935
7900 16 0.09141422 1.0 0.93955
8000 17 0.055044394 1.0 0.9392
8100 17 0.06202931 1.0 0.9395
8200 17 0.06965907 1.0 0.93965
8300 17 0.0558245 1.0 0.93955004
8400 17 0.06707998 1.0 0.93885
8500 18 0.058628224 1.0 0.939
8600 18 0.06579416 1.0 0.93904996
8700 18 0.05899093 1.0 0.93865
8800 18 0.055492543 1.0 0.93885005
8900 18 0.057036467 1.0 0.93865
9000 19 0.06463745 1.0 0.93885005
9100 19 0.056421585 1.0 0.93935
9200 19 0.054779317 1.0 0.93840003
9300 19 0.059029672 1.0 0.93885005
9400 20 0.057822265 1.0 0.9395
9500 20 0.055318054 1.0 0.9388
9600 20 0.050540723 1.0 0.93895
9700 20 0.053413894 1.0 0.93895
9800 20 0.05406237 1.0 0.9388
9900 21 0.06653333 1.0 0.93840003
10000 21 0.053153865 1.0 0.93865
10100 21 0.05806814 1.0 0.93895
10200 21 0.05262632 1.0 0.93925
10300 21 0.05654008 1.0 0.9389
10400 22 0.05119881 1.0 0.93875
10500 22 0.07794399 1.0 0.93925
10600 22 0.06163573 1.0 0.93905
10700 22 0.057133198 1.0 0.93835
10800 23 0.058178127 1.0 0.93965
10900 23 0.05854436 1.0 0.9393
11000 23 0.05304575 1.0 0.93935
11100 23 0.060087383 1.0 0.93875
11200 23 0.05404939 1.0 0.939
11300 24 0.05433155 1.0 0.93885
11400 24 0.056898907 1.0 0.93915
11500 24 0.050891504 1.0 0.93904996
11600 24 0.0840121 1.0 0.93945
11700 24 0.059656866 1.0 0.9396
11800 25 0.051688448 1.0 0.9392
11900 25 0.05936575 1.0 0.9386
12000 25 0.050097853 1.0 0.9389
12100 25 0.059271686 1.0 0.93915
12200 26 0.058221497 1.0 0.9389
12300 26 0.06353079 1.0 0.93845
12400 26 0.058941998 1.0 0.93845
12500 26 0.053719 1.0 0.93925
12600 26 0.051520813 1.0 0.93935
12700 27 0.050597847 1.0 0.93905
12800 27 0.060673792 1.0 0.93935
12900 27 0.051487356 1.0 0.93915
13000 27 0.065527715 1.0 0.9397
2018-08-06 12:56:11.660551: W tensorflow/stream_executor/cuda/cuda_dnn.cc:2223] 
2018-08-06 12:56:11.660792: W tensorflow/stream_executor/cuda/cuda_dnn.cc:2223] 
13100 27 0.069164485 1.0 0.93965
13200 28 0.05039131 1.0 0.93895
13300 28 0.066951424 1.0 0.9391
13400 28 0.05168803 1.0 0.93885005
13500 28 0.05558814 1.0 0.9389
13600 29 0.05173628 1.0 0.9392
13700 29 0.059552897 1.0 0.93920004
13800 29 0.055140384 1.0 0.93939996
13900 29 0.05051407 1.0 0.9395
14000 29 0.049335442 1.0 0.93939996
14100 30 0.058253333 1.0 0.9388
14200 30 0.05280845 1.0 0.939
14300 30 0.054595273 1.0 0.93915
14400 30 0.05010671 1.0 0.9391
14500 30 0.054554377 1.0 0.93965
14600 31 0.058168046 1.0 0.93974996
14700 31 0.05181314 1.0 0.9396
14800 31 0.062214345 1.0 0.93945
14900 31 0.049528453 1.0 0.93955004
15000 31 0.054060433 1.0 0.93925
15100 32 0.056732953 1.0 0.9396
15200 32 0.051842447 1.0 0.93955004
15300 32 0.06235762 1.0 0.93935
15400 32 0.05419644 1.0 0.9392
15500 33 0.059992142 1.0 0.9393
2018-08-06 12:57:32.970994: W tensorflow/stream_executor/cuda/cuda_dnn.cc:2223] 
15600 33 0.051030733 1.0 0.93945
2018-08-06 12:57:35.989920: W tensorflow/stream_executor/cuda/cuda_dnn.cc:2223] 
15700 33 0.049732514 1.0 0.9395
15800 33 0.05559168 1.0 0.93955004
15900 33 0.055656046 1.0 0.93925
16000 34 0.052582283 1.0 0.9392
16100 34 0.05632837 1.0 0.9393
16200 34 0.05007642 1.0 0.93925
16300 34 0.071332835 1.0 0.93915
16400 34 0.051362365 1.0 0.939
16500 35 0.051061098 1.0 0.9394
16600 35 0.05076332 1.0 0.9393
16700 35 0.051170062 1.0 0.93945
16800 35 0.04925586 1.0 0.9391
16900 36 0.052504256 1.0 0.9391
17000 36 0.055193663 1.0 0.9392
17100 36 0.052436337 1.0 0.93915
17200 36 0.05956813 1.0 0.93925
17300 36 0.05177914 1.0 0.93920004
17400 37 0.05215628 1.0 0.93920004
17500 37 0.054897737 1.0 0.93920004
17600 37 0.05177407 1.0 0.93925
2018-08-06 12:58:41.328007: W tensorflow/stream_executor/cuda/cuda_dnn.cc:2223] 
17700 37 0.05634068 1.0 0.93920004
17800 37 0.04972198 1.0 0.9393
17900 38 0.053226694 1.0 0.9392
18000 38 0.052477457 1.0 0.9391
18100 38 0.053577587 1.0 0.93925
18200 38 0.048643596 1.0 0.93920004
18300 39 0.04882621 1.0 0.9393
18400 39 0.052548397 1.0 0.93925
18500 39 0.054574534 1.0 0.9393
18600 39 0.052393544 1.0 0.93915
18700 39 0.056848053 1.0 0.93925

