100 0 0.988103 0.609375 0.6349
200 0 0.883189 0.777344 0.78955
300 0 0.658565 0.84375 0.8131
400 1 0.709143 0.839844 0.8194
500 1 0.698379 0.882812 0.87265
600 1 0.67706 0.886719 0.8909
700 1 0.556903 0.878906 0.87725
800 2 0.457832 0.929688 0.89655
900 2 0.406019 0.90625 0.88335
1000 2 0.561339 0.914062 0.8957
1100 2 0.548533 0.917969 0.90885
1200 3 0.32517 0.9375 0.90735
1300 3 0.330363 0.886719 0.87605
1400 3 0.380214 0.957031 0.9141
1500 3 0.411177 0.9375 0.92075
1600 4 0.282463 0.910156 0.89015
1700 4 0.298621 0.933594 0.9062
1800 4 0.269716 0.949219 0.92525
1900 4 0.301991 0.949219 0.92205
2000 5 0.204232 0.96875 0.91925
2100 5 0.294004 0.953125 0.90035
2200 5 0.255278 0.945312 0.87105
2300 5 0.263992 0.96875 0.9265
2400 6 0.221361 0.949219 0.89705
2500 6 0.208135 0.949219 0.9049
2600 6 0.198535 0.957031 0.9208
2700 6 0.163671 0.964844 0.92455
2800 7 0.163179 0.976562 0.9252
2900 7 0.148899 0.964844 0.913
3000 7 0.137815 0.988281 0.92155
3100 7 0.13676 0.996094 0.92105
3200 8 0.150864 0.972656 0.92295
3300 8 0.177728 0.996094 0.92355
3400 8 0.131177 0.996094 0.9293
3500 8 0.179705 0.945312 0.90795
3600 9 0.130898 0.992188 0.9235
3700 9 0.124008 0.980469 0.9203
3800 9 0.103577 0.992188 0.9223
3900 9 0.110951 0.976562 0.92315
4000 10 0.127908 1.0 0.9289
4100 10 0.0935794 0.992188 0.9198
4200 10 0.0932663 1.0 0.93145
4300 11 0.110696 1.0 0.9343
4400 11 0.0811216 0.988281 0.9242
4500 11 0.0944825 0.996094 0.9301
4600 11 0.0943307 1.0 0.93435
4700 12 0.0791284 1.0 0.9301
4800 12 0.0761045 1.0 0.93155
4900 12 0.0859983 0.996094 0.9337
5000 12 0.0865543 1.0 0.9296
5100 13 0.0849365 0.996094 0.93525
5200 13 0.0714476 1.0 0.9338
5300 13 0.0715547 1.0 0.9334
5400 13 0.0889662 1.0 0.936
5500 14 0.0794154 1.0 0.93695
5600 14 0.0747673 1.0 0.93125
5700 14 0.0753448 1.0 0.93755
5800 14 0.0719224 1.0 0.9359
5900 15 0.07326 1.0 0.93825
6000 15 0.0652379 1.0 0.9372
6100 15 0.0813628 1.0 0.9382
6200 15 0.0731227 1.0 0.9378
6300 16 0.0653422 1.0 0.93335
6400 16 0.0666584 1.0 0.9365
6500 16 0.0803391 1.0 0.93665
6600 16 0.0651118 1.0 0.93375
6700 17 0.0678395 1.0 0.93795
6800 17 0.0630505 1.0 0.93715
6900 17 0.0749822 1.0 0.93835
7000 17 0.060989 1.0 0.9378
7100 18 0.0644361 1.0 0.93745
7200 18 0.0606667 1.0 0.9368
7300 18 0.0636835 1.0 0.9373
7400 18 0.0600327 1.0 0.93965
7500 19 0.0598205 1.0 0.9394
7600 19 0.0603423 1.0 0.9395
7700 19 0.0645801 1.0 0.9392
7800 19 0.0605339 1.0 0.9382
7900 20 0.0582817 1.0 0.94
8000 20 0.0559871 1.0 0.93975
8100 20 0.0553725 1.0 0.93975
8200 20 0.0711144 1.0 0.93915
8300 21 0.05782 1.0 0.9393
8400 21 0.0601476 1.0 0.9394
8500 21 0.0575334 1.0 0.94115
8600 22 0.0579413 1.0 0.9404
8700 22 0.0566039 1.0 0.94015
8800 22 0.068874 1.0 0.9407
8900 22 0.0519052 1.0 0.94045
9000 23 0.0580765 1.0 0.9404
9100 23 0.0530593 1.0 0.9412
9200 23 0.052213 1.0 0.94025
9300 23 0.0523799 1.0 0.94015
9400 24 0.058331 1.0 0.94055
9500 24 0.0593889 1.0 0.94015
9600 24 0.0548946 1.0 0.9401
9700 24 0.0517566 1.0 0.9393
9800 25 0.0571791 1.0 0.9404
9900 25 0.0512671 1.0 0.94
10000 25 0.0577637 1.0 0.9398
10100 25 0.0518596 1.0 0.94035
10200 26 0.0552371 1.0 0.9404
10300 26 0.0519704 1.0 0.9411
10400 26 0.0505189 1.0 0.9413
10500 26 0.0505487 1.0 0.9404
10600 27 0.0573578 1.0 0.94035
10700 27 0.0545598 1.0 0.9394
10800 27 0.0517715 1.0 0.94055
10900 27 0.0586323 1.0 0.9403
11000 28 0.0515573 1.0 0.94045
11100 28 0.0532987 1.0 0.94045
11200 28 0.0541061 1.0 0.9404
11300 28 0.0512049 1.0 0.94095
11400 29 0.0669185 1.0 0.94055
11500 29 0.0486243 1.0 0.94025
11600 29 0.0526394 1.0 0.94025
11700 29 0.0507705 1.0 0.9401
11800 30 0.0553816 1.0 0.93955
11900 30 0.0611904 1.0 0.9403
12000 30 0.0544566 1.0 0.94035
12100 30 0.0526158 1.0 0.94005
12200 31 0.0599063 1.0 0.9394
12300 31 0.0542127 1.0 0.94
12400 31 0.0541408 1.0 0.93965
12500 31 0.0493838 1.0 0.9414
12600 32 0.0501648 1.0 0.94015
12700 32 0.0458805 1.0 0.94135
12800 32 0.0490929 1.0 0.94005
12900 33 0.0512903 1.0 0.94065
13000 33 0.0504892 1.0 0.9411
13100 33 0.0487218 1.0 0.94085
13200 33 0.0551141 1.0 0.94025
13300 34 0.0480552 1.0 0.9405
13400 34 0.0574442 1.0 0.94145
13500 34 0.0521781 1.0 0.94025
13600 34 0.0543896 1.0 0.9403
13700 35 0.0606601 1.0 0.94125
13800 35 0.0502117 1.0 0.94015
13900 35 0.052545 1.0 0.94105
14000 35 0.0541402 1.0 0.9411
14100 36 0.0503406 1.0 0.9406
14200 36 0.0472868 1.0 0.94105
14300 36 0.0471632 1.0 0.94135
14400 36 0.0553446 1.0 0.9406
14500 37 0.0523179 1.0 0.94025
14600 37 0.0471357 1.0 0.9407
14700 37 0.0520805 1.0 0.9404
14800 37 0.0515287 1.0 0.94035
14900 38 0.0523814 1.0 0.9412
15000 38 0.0521838 1.0 0.941
15100 38 0.0499537 1.0 0.94045
15200 38 0.053131 1.0 0.94035
15300 39 0.0504489 1.0 0.9406
15400 39 0.0460664 1.0 0.9404
15500 39 0.0487045 1.0 0.94075
15600 39 0.0477945 1.0 0.94055


