100 0 1.00338 0.644531 0.6501
200 0 0.880338 0.804688 0.795
300 0 0.657828 0.832031 0.8056
400 1 0.619714 0.855469 0.8399
500 1 0.578588 0.902344 0.8787
600 1 0.513975 0.898438 0.8886
700 1 0.53234 0.921875 0.8983
800 2 0.426526 0.929688 0.89835
900 2 0.504182 0.941406 0.9153
1000 2 0.478291 0.925781 0.9118
1100 2 0.465363 0.933594 0.9168
1200 3 0.359533 0.964844 0.9213
1300 3 0.338469 0.976562 0.91955
1400 3 0.46416 0.957031 0.92695
1500 3 0.401503 0.953125 0.9169
1600 4 0.311003 0.96875 0.91985
1700 4 0.382568 0.949219 0.92225
1800 4 0.257949 0.984375 0.9235
1900 4 0.331274 0.960938 0.92205
2000 5 0.30497 0.96875 0.92265
2100 5 0.241929 0.984375 0.9208
2200 5 0.288057 0.984375 0.929
2300 5 0.25493 0.984375 0.927
2400 6 0.188687 0.980469 0.9231
2500 6 0.226244 0.972656 0.92795
2600 6 0.215657 0.992188 0.928
2700 6 0.188527 0.984375 0.92935
2800 7 0.193352 0.988281 0.9296
2900 7 0.153574 0.992188 0.93005
3000 7 0.134874 0.996094 0.9285
3100 7 0.201872 0.992188 0.92905
3200 8 0.140798 0.992188 0.92915
3300 8 0.146068 0.988281 0.93025
3400 8 0.151454 0.996094 0.9321
3500 8 0.15357 0.980469 0.92835
3600 9 0.136446 0.996094 0.93215
3700 9 0.140915 1.0 0.9311
3800 9 0.161155 0.992188 0.9315
3900 9 0.12783 0.996094 0.9295
4000 10 0.147231 0.992188 0.93275
4100 10 0.112686 1.0 0.93205
4200 10 0.0969295 0.996094 0.9314
4300 11 0.0901691 1.0 0.9311
4400 11 0.120408 1.0 0.93185
4500 11 0.0996141 1.0 0.9325
4600 11 0.0938941 0.996094 0.93035
4700 12 0.0919614 0.996094 0.93095
4800 12 0.0870343 1.0 0.93515
4900 12 0.0982532 1.0 0.9322
5000 12 0.0857984 0.996094 0.93255
5100 13 0.103767 1.0 0.93315
5200 13 0.0857994 1.0 0.93225
5300 13 0.0805669 1.0 0.93135
5400 13 0.0962219 0.996094 0.93375
5500 14 0.0806406 1.0 0.9346
5600 14 0.0764857 1.0 0.9353
5700 14 0.0824058 1.0 0.93355
5800 14 0.0848657 1.0 0.9345
5900 15 0.0725065 1.0 0.93475
6000 15 0.071558 1.0 0.9351
6100 15 0.0761165 1.0 0.9358
6200 15 0.0697067 1.0 0.9351
6300 16 0.0666599 1.0 0.93535
6400 16 0.0696384 1.0 0.93525
6500 16 0.0751405 1.0 0.9353
6600 16 0.0687714 1.0 0.9355
6700 17 0.0779804 1.0 0.9367
6800 17 0.0765774 1.0 0.93545
6900 17 0.0696501 1.0 0.93605
7000 17 0.0780521 1.0 0.9368
7100 18 0.0639083 1.0 0.9359
7200 18 0.0655793 1.0 0.93585
7300 18 0.0629301 1.0 0.93565
7400 18 0.0656644 1.0 0.93625
7500 19 0.0671464 1.0 0.9363
7600 19 0.0616677 1.0 0.93655
7700 19 0.0653595 1.0 0.9362
7800 19 0.05675 1.0 0.9357
7900 20 0.0624872 1.0 0.93635
8000 20 0.0597837 1.0 0.9365
8100 20 0.0705033 1.0 0.93625
8200 20 0.0727306 1.0 0.93695
8300 21 0.074854 1.0 0.9365
8400 21 0.0876003 1.0 0.9371
8500 21 0.0583477 1.0 0.9357
8600 22 0.0623477 1.0 0.93695
8700 22 0.0587585 1.0 0.93675
8800 22 0.058066 1.0 0.937
8900 22 0.0618186 1.0 0.9374
9000 23 0.0530395 1.0 0.9372
9100 23 0.0615811 1.0 0.93745
9200 23 0.0601426 1.0 0.93725
9300 23 0.0561718 1.0 0.9368
9400 24 0.0550783 1.0 0.9375
9500 24 0.0539383 1.0 0.93725
9600 24 0.0514746 1.0 0.9367
9700 24 0.057869 1.0 0.9367
9800 25 0.0574892 1.0 0.93685
9900 25 0.0575939 1.0 0.9369
10000 25 0.0636447 1.0 0.93735
10100 25 0.0561913 1.0 0.9377
10200 26 0.05749 1.0 0.9369
10300 26 0.0756973 1.0 0.9369
10400 26 0.0597427 1.0 0.93785
10500 26 0.0624065 1.0 0.9372
10600 27 0.0515413 1.0 0.9376
10700 27 0.0574712 1.0 0.93715
10800 27 0.0601784 1.0 0.9377
10900 27 0.0556291 1.0 0.9377
11000 28 0.054552 1.0 0.93815
11100 28 0.0612115 1.0 0.93765
11200 28 0.0509401 1.0 0.9369
11300 28 0.0612431 1.0 0.9371
11400 29 0.0572461 1.0 0.93745
11500 29 0.0602848 1.0 0.9378
11600 29 0.0578473 1.0 0.93745
11700 29 0.0502309 1.0 0.93725
11800 30 0.0591153 1.0 0.93765
11900 30 0.0537655 1.0 0.938
12000 30 0.0562337 1.0 0.9379
12100 30 0.0583192 1.0 0.93805
12200 31 0.0540483 1.0 0.9383
12300 31 0.0523073 1.0 0.9376
12400 31 0.0554069 1.0 0.9379
12500 31 0.0488768 1.0 0.93785
12600 32 0.057378 1.0 0.9376
12700 32 0.0553635 1.0 0.9379
12800 32 0.0514348 1.0 0.93735
12900 33 0.0579338 1.0 0.93765
13000 33 0.0551266 1.0 0.9375
13100 33 0.0610754 1.0 0.9377
13200 33 0.0524152 1.0 0.9378
13300 34 0.0495831 1.0 0.9378
13400 34 0.0598473 1.0 0.93795
13500 34 0.0657261 1.0 0.93815
13600 34 0.0570591 1.0 0.93815
13700 35 0.0635816 1.0 0.9381
13800 35 0.0515587 1.0 0.9379
13900 35 0.0588875 1.0 0.93795
14000 35 0.0498513 1.0 0.93825
14100 36 0.0518541 1.0 0.9381
14200 36 0.0540266 1.0 0.9376
14300 36 0.0506699 1.0 0.9378
14400 36 0.0506169 1.0 0.93755
14500 37 0.0545964 1.0 0.93775
14600 37 0.0672348 1.0 0.938
14700 37 0.0559968 1.0 0.938
14800 37 0.0536129 1.0 0.9382
14900 38 0.0582995 1.0 0.9381
15000 38 0.05241 1.0 0.93845
15100 38 0.0507354 1.0 0.93795
15200 38 0.048904 1.0 0.93785
15300 39 0.0538838 1.0 0.93805
15400 39 0.0578257 1.0 0.9381
15500 39 0.0490689 1.0 0.9382
15600 39 0.0475672 1.0 0.93805
