100 1 0.9648471 0.77734375 0.75065
200 2 0.81009555 0.76953125 0.77245
300 3 0.58514524 0.89453125 0.82834995
400 5 0.40757936 0.9296875 0.85220003
500 6 0.38303638 0.90234375 0.8654
600 7 0.34584615 0.953125 0.88205
700 8 0.27597153 0.95703125 0.87535
800 10 0.22536084 0.96875 0.88685
900 11 0.20371506 0.9921875 0.89805
1000 12 0.2133855 0.98828125 0.89895
1100 14 0.1638044 0.9921875 0.89655
1200 15 0.17376588 1.0 0.89575005
1300 16 0.14265093 0.984375 0.90040004
1400 17 0.12639172 0.99609375 0.8986
1500 19 0.13138783 0.99609375 0.90575004
1600 20 0.11339365 0.99609375 0.90674996
1700 21 0.10596672 1.0 0.906
1800 23 0.099815056 1.0 0.90604997
1900 24 0.12030004 1.0 0.90534997
2000 25 0.10171292 1.0 0.90535
2100 26 0.090688065 1.0 0.90455
2200 28 0.08423761 1.0 0.90705
2300 29 0.08560275 1.0 0.90635
2400 30 0.07976183 1.0 0.90305
2500 31 0.08383212 1.0 0.8983
2600 33 0.07872057 0.99609375 0.89805
2700 34 0.076079324 1.0 0.90415
2018-08-07 08:44:29.039209: W tensorflow/core/common_runtime/bfc_allocator.cc:217] Allocator (GPU_0_bfc) ran out of memory trying to allocate 1.37GiB. The caller indicates that this is not a failure, but may mean that there could be performance gains if more memory is available.
2018-08-07 08:44:29.039301: W tensorflow/stream_executor/cuda/cuda_dnn.cc:2223] 
2800 35 0.0747126 1.0 0.90685
2900 37 0.06900639 1.0 0.90655
3000 38 0.06660669 1.0 0.9073
2018-08-07 08:44:36.939478: W tensorflow/core/common_runtime/bfc_allocator.cc:217] Allocator (GPU_0_bfc) ran out of memory trying to allocate 1.37GiB. The caller indicates that this is not a failure, but may mean that there could be performance gains if more memory is available.
2018-08-07 08:44:36.939564: W tensorflow/stream_executor/cuda/cuda_dnn.cc:2223] 
3100 39 0.06477583 1.0 0.9062
3200 40 0.06201223 1.0 0.90639997
3300 42 0.06659053 1.0 0.905
3400 43 0.05784372 1.0 0.90685
3500 44 0.059188124 1.0 0.9007
3600 46 0.056769423 1.0 0.9095
3700 47 0.057047814 1.0 0.909
3800 48 0.06107705 1.0 0.90610003
3900 49 0.059648395 1.0 0.9074
4000 51 0.05056379 1.0 0.90695
4100 52 0.05198595 1.0 0.90929997
4200 53 0.051540956 1.0 0.90900004
4300 55 0.052865148 1.0 0.91015
4400 56 0.04944807 1.0 0.90885
4500 57 0.047333874 1.0 0.9087
4600 58 0.052043386 1.0 0.90985
4700 60 0.043622896 1.0 0.90885
4800 61 0.048537917 1.0 0.911
4900 62 0.04758958 1.0 0.9101
5000 63 0.04204864 1.0 0.90845
5100 65 0.04142096 1.0 0.90964997
5200 66 0.04132454 1.0 0.9103
5300 67 0.04143604 1.0 0.906
5400 69 0.044703156 1.0 0.91015005
5500 70 0.041872203 1.0 0.91034997
5600 71 0.0413664 1.0 0.91025
5700 72 0.04197628 1.0 0.91005
5800 74 0.039437898 1.0 0.90765
5900 75 0.03558574 1.0 0.9089
6000 76 0.04090351 1.0 0.91125
6100 78 0.036479663 1.0 0.9116
6200 79 0.041902978 1.0 0.91195
6300 80 0.040488694 1.0 0.9102
6400 81 0.03467786 1.0 0.91050005
6500 83 0.037227575 1.0 0.91135
6600 84 0.03688296 1.0 0.91065
6700 85 0.032410126 1.0 0.90855
6800 87 0.039336592 1.0 0.9082
6900 88 0.03503417 1.0 0.90985
7000 89 0.036660068 1.0 0.91095
7100 90 0.034659438 1.0 0.91165
7200 92 0.03800114 1.0 0.9108
7300 93 0.034362007 1.0 0.91135
7400 94 0.034841835 1.0 0.91040003
7500 95 0.035855874 1.0 0.91185
7600 97 0.03156478 1.0 0.9135
7700 98 0.037212525 1.0 0.9106
7800 99 0.03531132 1.0 0.91195
2018-08-07 08:46:43.433366: W tensorflow/stream_executor/cuda/cuda_dnn.cc:2223] 
7900 101 0.03484918 1.0 0.91155005
8000 102 0.03547655 1.0 0.91185
8100 103 0.03364844 1.0 0.91255
8200 104 0.029183256 1.0 0.91345
8300 106 0.028461676 1.0 0.91195
8400 107 0.029391624 1.0 0.91255
8500 108 0.02865554 1.0 0.91285
8600 110 0.031882726 1.0 0.91285
8700 111 0.029316306 1.0 0.9129
8800 112 0.031728946 1.0 0.91195
8900 113 0.032528035 1.0 0.91244996
9000 115 0.030023303 1.0 0.91215
9100 116 0.030417634 1.0 0.9127
9200 117 0.031112384 1.0 0.9132
9300 119 0.028065206 1.0 0.9145
9400 120 0.031643447 1.0 0.91145
9500 121 0.027412351 1.0 0.9144
9600 122 0.026540764 1.0 0.91405
9700 124 0.03195917 1.0 0.9146
9800 125 0.028658811 1.0 0.913
9900 126 0.028113674 1.0 0.9135
10000 127 0.030133251 1.0 0.91435003
10100 129 0.026909433 1.0 0.91385
10200 130 0.029713184 1.0 0.91400003
10300 131 0.027095385 1.0 0.914
10400 133 0.027707746 1.0 0.91394997
10500 134 0.030369285 1.0 0.9135
10600 135 0.02644535 1.0 0.91455
10700 136 0.027256187 1.0 0.91330004
10800 138 0.025991838 1.0 0.91285
10900 139 0.026729293 1.0 0.91305
11000 140 0.026153363 1.0 0.9138
11100 142 0.026196618 1.0 0.91429996
11200 143 0.029073242 1.0 0.91385
11300 144 0.032114185 1.0 0.91464996
11400 145 0.026561 1.0 0.91415
11500 147 0.031826906 1.0 0.91355
11600 148 0.026600827 1.0 0.91464996
11700 149 0.028421499 1.0 0.9152
11800 151 0.026494622 1.0 0.9148
11900 152 0.02769793 1.0 0.9145
12000 153 0.02593095 1.0 0.9145
12100 154 0.026698451 1.0 0.91429996
12200 156 0.02867086 1.0 0.91495
12300 157 0.025434246 1.0 0.91425
12400 158 0.024294507 1.0 0.91455
12500 159 0.024166346 1.0 0.91489995
12600 161 0.025582816 1.0 0.91475
2018-08-07 08:48:50.378634: W tensorflow/stream_executor/cuda/cuda_dnn.cc:2223] 
12700 162 0.024203217 1.0 0.91475
12800 163 0.02639727 1.0 0.9146
12900 165 0.024908392 1.0 0.91455
13000 166 0.030895576 1.0 0.91495
13100 167 0.026143923 1.0 0.91470003
13200 168 0.025290411 1.0 0.9149
13300 170 0.028198274 1.0 0.91489995
13400 171 0.025034864 1.0 0.9149
13500 172 0.02844027 1.0 0.91470003
13600 174 0.027800746 1.0 0.91515
13700 175 0.025864016 1.0 0.91495
13800 176 0.026311215 1.0 0.91555
13900 177 0.025877614 1.0 0.91505
14000 179 0.026319169 1.0 0.9153
14100 180 0.026507149 1.0 0.9152

