100 1 0.90395 0.667969 0.6707
200 2 0.825846 0.710938 0.699
300 3 0.642034 0.757812 0.74475
400 5 0.477233 0.855469 0.80685
500 6 0.483458 0.835938 0.81705
600 7 0.386728 0.875 0.8335
700 8 0.286229 0.953125 0.8566
800 10 0.230267 0.96875 0.86845
900 11 0.23641 0.980469 0.87775
1000 12 0.216974 0.96875 0.87715
1100 14 0.179396 0.96875 0.8791
1200 15 0.158176 0.988281 0.8953
1300 16 0.171092 0.996094 0.89505
1400 17 0.138761 0.996094 0.8899
1500 19 0.136561 1.0 0.89105
1600 20 0.130506 0.992188 0.8958
1700 21 0.110526 0.992188 0.8909
1800 23 0.11688 1.0 0.9007
1900 24 0.105128 1.0 0.9028
2000 25 0.100375 1.0 0.8998
2100 26 0.092143 1.0 0.90455
2200 28 0.0892856 1.0 0.90195
2300 29 0.104499 1.0 0.9032
2400 30 0.094611 1.0 0.90125
2500 31 0.0774915 1.0 0.90115
2600 33 0.0932183 1.0 0.9006
2700 34 0.0755164 1.0 0.904
2800 35 0.0722028 1.0 0.90565
2900 37 0.0735733 1.0 0.89395
3000 38 0.0671448 1.0 0.89855
3100 39 0.0657425 1.0 0.90465
3200 40 0.0656562 1.0 0.9054
3300 42 0.106271 1.0 0.8952
3400 43 0.0673828 1.0 0.9018
3500 44 0.0599599 1.0 0.9066
3600 46 0.0584299 1.0 0.9063
3700 47 0.0551648 1.0 0.90115
3800 48 0.0535674 1.0 0.9021
3900 49 0.0589762 1.0 0.90585
4000 51 0.0567978 1.0 0.90315
4100 52 0.0532401 1.0 0.9057
4200 53 0.0580253 1.0 0.9053
4300 55 0.0495539 1.0 0.9068
4400 56 0.0514631 1.0 0.90665
4500 57 0.0521873 1.0 0.9088
4600 58 0.0507168 1.0 0.90755
4700 60 0.0511743 1.0 0.90585
4800 61 0.0554029 1.0 0.90625
4900 62 0.0578051 1.0 0.9076
5000 63 0.0481279 1.0 0.90585
5100 65 0.0482111 1.0 0.9093
5200 66 0.0454911 1.0 0.9069
5300 67 0.0441072 1.0 0.90915
5400 69 0.0426809 1.0 0.9088
5500 70 0.046971 1.0 0.90435
5600 71 0.0425841 1.0 0.90775
5700 72 0.039746 1.0 0.907
5800 74 0.0412359 1.0 0.90715
5900 75 0.0417487 1.0 0.9091
6000 76 0.0376206 1.0 0.90805
6100 78 0.0375612 1.0 0.90825
6200 79 0.0358337 1.0 0.9067
6300 80 0.0383466 1.0 0.911
6400 81 0.0359579 1.0 0.9097
6500 83 0.037553 1.0 0.9083
6600 84 0.0407075 1.0 0.9097
6700 85 0.038054 1.0 0.90895
6800 87 0.0358742 1.0 0.91105
6900 88 0.0384446 1.0 0.91095
7000 89 0.0329547 1.0 0.9104
7100 90 0.0408777 1.0 0.91235
7200 92 0.0364086 1.0 0.9075
7300 93 0.0320388 1.0 0.90995
7400 94 0.032133 1.0 0.9115
7500 95 0.036946 1.0 0.9105
7600 97 0.0321262 1.0 0.9112
7700 98 0.0323221 1.0 0.91125
7800 99 0.0308642 1.0 0.90995
7900 101 0.032003 1.0 0.9104
8000 102 0.0301513 1.0 0.91185
8100 103 0.0336062 1.0 0.9111
8200 104 0.0351484 1.0 0.9108
8300 106 0.0324762 1.0 0.91025
8400 107 0.0332944 1.0 0.9117
8500 108 0.0309275 1.0 0.9106
8600 110 0.0341845 1.0 0.91205
8700 111 0.0327884 1.0 0.9108
8800 112 0.0342997 1.0 0.9118
8900 113 0.0299386 1.0 0.9115
9000 115 0.0292072 1.0 0.91155
9100 116 0.0325606 1.0 0.9117
9200 117 0.0290563 1.0 0.91135
9300 119 0.0292369 1.0 0.9113
9400 120 0.0302284 1.0 0.9122
9500 121 0.0311066 1.0 0.912
9600 122 0.0277751 1.0 0.9124
9700 124 0.0326409 1.0 0.91285
9800 125 0.0293737 1.0 0.91195
9900 126 0.0325259 1.0 0.9118
10000 127 0.0289008 1.0 0.9125
10100 129 0.0279859 1.0 0.9128
10200 130 0.0274194 1.0 0.91305
10300 131 0.0295395 1.0 0.91225
10400 133 0.0281745 1.0 0.91255
10500 134 0.0288665 1.0 0.91265
10600 135 0.0302835 1.0 0.91295
10700 136 0.0263429 1.0 0.9127
10800 138 0.0277386 1.0 0.9125
10900 139 0.0288843 1.0 0.91255
11000 140 0.0330984 1.0 0.9129
11100 142 0.0264003 1.0 0.9127
11200 143 0.0288475 1.0 0.91255
11300 144 0.0264516 1.0 0.91275
11400 145 0.0299326 1.0 0.9125
11500 147 0.0288543 1.0 0.91295
11600 148 0.0283652 1.0 0.91365
11700 149 0.026098 1.0 0.91375
11800 151 0.028633 1.0 0.9132
11900 152 0.0260896 1.0 0.91365
12000 153 0.0255557 1.0 0.91325
12100 154 0.0269228 1.0 0.91365
12200 156 0.0292159 1.0 0.913
12300 157 0.0297631 1.0 0.9138
12400 158 0.0263452 1.0 0.91325
12500 159 0.0308671 1.0 0.9131
12600 161 0.0249332 1.0 0.91345
12700 162 0.0278365 1.0 0.9136
12800 163 0.0260149 1.0 0.9133
12900 165 0.0326497 1.0 0.91405
13000 166 0.026751 1.0 0.9137
13100 167 0.0276109 1.0 0.91385
13200 168 0.0272471 1.0 0.9129
13300 170 0.0267243 1.0 0.9139
13400 171 0.0265472 1.0 0.9137
13500 172 0.0260221 1.0 0.91395
13600 174 0.0250977 1.0 0.91395
13700 175 0.0256873 1.0 0.9139
13800 176 0.0266575 1.0 0.914
13900 177 0.0307721 1.0 0.91375
14000 179 0.0267765 1.0 0.91395
14100 180 0.0268512 1.0 0.9135

