100 1 0.98968464 0.57421875 0.60085
200 2 0.6941725 0.75390625 0.711
300 3 0.58751225 0.82421875 0.77349997
400 5 0.4622517 0.8359375 0.75675
500 6 0.35646006 0.90234375 0.83385
600 7 0.29403335 0.953125 0.85855
700 8 0.243365 0.9609375 0.87475
800 10 0.20918027 0.9765625 0.87745
900 11 0.20088443 0.98828125 0.888
1000 12 0.17062294 0.99609375 0.8917
1100 14 0.15379436 1.0 0.89250004
1200 15 0.15048179 1.0 0.89855003
1300 16 0.14077497 1.0 0.89865
1400 17 0.12161444 1.0 0.89549994
1500 19 0.116615176 1.0 0.8988
1600 20 0.11039394 1.0 0.90425
1700 21 0.10609892 1.0 0.9039
1800 23 0.094062194 1.0 0.90475
1900 24 0.095003664 1.0 0.9051
2000 25 0.09605905 1.0 0.90405
2100 26 0.086570024 1.0 0.90190005
2200 28 0.08020964 1.0 0.90594995
2300 29 0.093397535 1.0 0.90715003
2400 30 0.0878261 1.0 0.9057
2500 31 0.10635388 1.0 0.9063
2600 33 0.07072343 1.0 0.90830004
2700 34 0.07187204 1.0 0.906
2800 35 0.0714917 1.0 0.90604997
2900 37 0.07519828 1.0 0.9082
3000 38 0.06706604 1.0 0.90785
3100 39 0.06405886 1.0 0.9075
3200 40 0.06034437 1.0 0.9059
3300 42 0.060422223 1.0 0.90825
3400 43 0.05833816 1.0 0.9098
3500 44 0.06454328 1.0 0.90814996
3600 46 0.060041055 1.0 0.9082
3700 47 0.05336798 1.0 0.90485
3800 48 0.053130865 1.0 0.9074
3900 49 0.05557925 1.0 0.90935004
4000 51 0.055219896 1.0 0.9084
4100 52 0.05293647 1.0 0.9089
4200 53 0.05366871 1.0 0.908
4300 55 0.04838299 1.0 0.9095
4400 56 0.05137855 1.0 0.9096
4500 57 0.05000188 1.0 0.90895
4600 58 0.05114902 1.0 0.90845
4700 60 0.049465995 1.0 0.90755
4800 61 0.04889646 1.0 0.9077
4900 62 0.04800182 1.0 0.908
5000 63 0.044187285 1.0 0.90925
5100 65 0.043056276 1.0 0.9095
5200 66 0.045717202 1.0 0.9102
5300 67 0.04225323 1.0 0.90925
5400 69 0.046443563 1.0 0.90845
5500 70 0.042979054 1.0 0.90814996
2018-08-07 08:54:59.534909: W tensorflow/stream_executor/cuda/cuda_dnn.cc:2223] 
5600 71 0.040472053 1.0 0.90929997
5700 72 0.04138106 1.0 0.91024995
5800 74 0.03830562 1.0 0.90830004
5900 75 0.040073793 1.0 0.9095
6000 76 0.03699276 1.0 0.91024995
2018-08-07 08:55:15.309415: W tensorflow/stream_executor/cuda/cuda_dnn.cc:2223] 
6100 78 0.03788627 1.0 0.9095
6200 79 0.038458496 1.0 0.9089
6300 80 0.045841374 1.0 0.9094
6400 81 0.03477616 1.0 0.90925
6500 83 0.037555784 1.0 0.9092
6600 84 0.03591021 1.0 0.90919995
6700 85 0.035801418 1.0 0.91005003
6800 87 0.03743106 1.0 0.90970004
6900 88 0.04379913 1.0 0.90945
7000 89 0.038291123 1.0 0.90964997
7100 90 0.036738783 1.0 0.90970004
7200 92 0.033801854 1.0 0.90985
7300 93 0.036217343 1.0 0.9088
7400 94 0.033601694 1.0 0.90954995
7500 95 0.032230362 1.0 0.9089
7600 97 0.035685677 1.0 0.91040003
7700 98 0.033547267 1.0 0.90905
7800 99 0.035175093 1.0 0.90965
7900 101 0.031075835 1.0 0.90945
8000 102 0.03238316 1.0 0.90955
8100 103 0.03190166 1.0 0.9094
8200 104 0.049792618 1.0 0.9099
8300 106 0.030948576 1.0 0.9098
8400 107 0.0322626 1.0 0.9089
8500 108 0.03244011 1.0 0.91040003
8600 110 0.040056527 1.0 0.90999997
8700 111 0.03294853 1.0 0.9102
8800 112 0.03166519 1.0 0.90885
8900 113 0.029542502 1.0 0.9101
9000 115 0.033013865 1.0 0.90975
9100 116 0.02925229 1.0 0.90970004
9200 117 0.030691845 1.0 0.90964997
9300 119 0.02879024 1.0 0.90975
9400 120 0.029770816 1.0 0.90964997
9500 121 0.03596159 1.0 0.90995
2018-08-07 08:57:05.731723: W tensorflow/stream_executor/cuda/cuda_dnn.cc:2223] 
9600 122 0.030591663 1.0 0.90999997
9700 124 0.029228853 1.0 0.90970004
9800 125 0.031069059 1.0 0.91015
2018-08-07 08:57:15.294719: W tensorflow/stream_executor/cuda/cuda_dnn.cc:2223] 
9900 126 0.030211497 1.0 0.91045
10000 127 0.031479258 1.0 0.90989995
10100 129 0.03011884 1.0 0.90999997
10200 130 0.02836495 1.0 0.91045
10300 131 0.033176076 1.0 0.90999997
10400 133 0.027169716 1.0 0.90995
10500 134 0.03010914 1.0 0.9103
10600 135 0.028757662 1.0 0.9098
10700 136 0.0287805 1.0 0.9098
10800 138 0.027812548 1.0 0.90995
10900 139 0.02731568 1.0 0.91055
11000 140 0.028626705 1.0 0.9105
11100 142 0.028422844 1.0 0.9103
11200 143 0.029590001 1.0 0.91050005
2018-08-07 08:58:00.465187: W tensorflow/stream_executor/cuda/cuda_dnn.cc:2223] 
11300 144 0.03195531 1.0 0.91055
11400 145 0.033590436 1.0 0.91055
11500 147 0.027220659 1.0 0.9101
11600 148 0.03098553 1.0 0.9105
11700 149 0.027149076 1.0 0.91085
11800 151 0.028979957 1.0 0.91075003
11900 152 0.030857116 1.0 0.91034997
12000 153 0.028609864 1.0 0.91045
12100 154 0.028843204 1.0 0.91050005
12200 156 0.026439171 1.0 0.9103
12300 157 0.026336513 1.0 0.9107
12400 158 0.029761355 1.0 0.9098
12500 159 0.028590836 1.0 0.91025
12600 161 0.029622015 1.0 0.91034997
12700 162 0.029028656 1.0 0.9102
12800 163 0.02737872 1.0 0.91075003
12900 165 0.02739216 1.0 0.9103
13000 166 0.02734281 1.0 0.9106
13100 167 0.02679323 1.0 0.9107
13200 168 0.027766192 1.0 0.90999997
13300 170 0.025956353 1.0 0.91055
13400 171 0.031606443 1.0 0.90989995
13500 172 0.030692786 1.0 0.91015
13600 174 0.027037665 1.0 0.9102
13700 175 0.028126411 1.0 0.9101
13800 176 0.026443293 1.0 0.91035
13900 177 0.027461061 1.0 0.91040003
14000 179 0.026164506 1.0 0.91040003
14100 180 0.03138252 1.0 0.91065

