100 1 0.952516 0.707031 0.7034
200 2 0.823164 0.78125 0.7687
300 3 0.698059 0.851562 0.83845
400 5 0.535053 0.859375 0.8483
500 6 0.445369 0.933594 0.83705
600 7 0.322397 0.96875 0.8704
700 8 0.326209 0.890625 0.85405
800 10 0.257684 0.878906 0.84775
900 11 0.21992 0.96875 0.8712
1000 12 0.223914 0.953125 0.86695
1100 14 0.173611 0.984375 0.8806
1200 15 0.157515 0.988281 0.89575
1300 16 0.14043 0.992188 0.8884
1400 17 0.142126 0.992188 0.87665
1500 19 0.123356 0.984375 0.8737
1600 20 0.122235 0.984375 0.88215
1700 21 0.114268 0.917969 0.83345
1800 23 0.110985 1.0 0.8948
1900 24 0.111397 0.996094 0.8975
2000 25 0.105233 0.996094 0.8785
2100 26 0.0961651 1.0 0.89655
2200 28 0.0851301 1.0 0.8928
2300 29 0.101609 1.0 0.89615
2400 30 0.082645 1.0 0.8984
2500 31 0.0814815 1.0 0.8958
2600 33 0.0811184 1.0 0.8987
2700 34 0.0809712 0.996094 0.8918
2800 35 0.0748454 1.0 0.8905
2900 37 0.0773313 0.996094 0.88935
3000 38 0.0747637 1.0 0.90125
3100 39 0.070205 1.0 0.89235
3200 40 0.0740834 1.0 0.889
3300 42 0.0616214 1.0 0.9015
3400 43 0.0578417 1.0 0.89445
3500 44 0.0656121 1.0 0.8926
3600 46 0.0598235 1.0 0.9009
3700 47 0.062836 1.0 0.8992
3800 48 0.0625063 1.0 0.89675
3900 49 0.0552327 1.0 0.9026
4000 51 0.0580612 1.0 0.90135
4100 52 0.051646 1.0 0.89795
4200 53 0.0571796 1.0 0.89795
4300 55 0.0612763 1.0 0.8901
4400 56 0.0514863 0.996094 0.89195
4500 57 0.0470269 1.0 0.9057
4600 58 0.0493635 1.0 0.90265
4700 60 0.0485655 1.0 0.90415
4800 61 0.0456682 1.0 0.9053
4900 62 0.0506598 1.0 0.90105
5000 63 0.0465279 1.0 0.8996
5100 65 0.0441194 1.0 0.90395
5200 66 0.0434312 1.0 0.90035
5300 67 0.0486769 1.0 0.9064
5400 69 0.0423845 1.0 0.90825
5500 70 0.0468261 1.0 0.90815
5600 71 0.0473642 1.0 0.90845
5700 72 0.0390958 1.0 0.90785
5800 74 0.0399486 1.0 0.90435
5900 75 0.0411144 1.0 0.90245
6000 76 0.0377911 1.0 0.907
6100 78 0.0368654 1.0 0.90865
6200 79 0.0365795 1.0 0.90675
6300 80 0.0389534 1.0 0.9052
6400 81 0.0378809 1.0 0.90875
6500 83 0.0394515 1.0 0.9067
6600 84 0.0425742 1.0 0.91025
6700 85 0.0368355 1.0 0.9088
6800 87 0.0350621 1.0 0.9065
6900 88 0.0402771 1.0 0.911
7000 89 0.0420385 1.0 0.9083
7100 90 0.0362979 1.0 0.9082
7200 92 0.0391616 1.0 0.90635
7300 93 0.0359331 1.0 0.90835
7400 94 0.0309231 1.0 0.90665
7500 95 0.0372905 1.0 0.9094
7600 97 0.032275 1.0 0.91055
7700 98 0.0331926 1.0 0.9105
7800 99 0.0320027 1.0 0.91125
7900 101 0.0318439 1.0 0.91115
8000 102 0.0326651 1.0 0.9122
8100 103 0.0307203 1.0 0.91095
8200 104 0.0294037 1.0 0.91045
8300 106 0.0299652 1.0 0.9116
8400 107 0.03088 1.0 0.9111
8500 108 0.0367759 1.0 0.91155
8600 110 0.0320681 1.0 0.91075
8700 111 0.0306536 1.0 0.91165
8800 112 0.0335539 1.0 0.91275
8900 113 0.0315189 1.0 0.9119
9000 115 0.0343523 1.0 0.9117
9100 116 0.0299283 1.0 0.9109
9200 117 0.0286388 1.0 0.9122
9300 119 0.029208 1.0 0.91355
9400 120 0.0282651 1.0 0.9146
9500 121 0.0273531 1.0 0.91245
9600 122 0.0289019 1.0 0.912
9700 124 0.0281591 1.0 0.91295
9800 125 0.0277814 1.0 0.913
9900 126 0.0283399 1.0 0.914
10000 127 0.0268982 1.0 0.91355
10100 129 0.0295795 1.0 0.9119
10200 130 0.0295188 1.0 0.91425
10300 131 0.0299138 1.0 0.91415
10400 133 0.0292786 1.0 0.9142
10500 134 0.0302032 1.0 0.9135
10600 135 0.0286873 1.0 0.91435
10700 136 0.0295129 1.0 0.9131
10800 138 0.0276154 1.0 0.9135
10900 139 0.0284927 1.0 0.91335
11000 140 0.0271512 1.0 0.9152
11100 142 0.0277762 1.0 0.91275
11200 143 0.0279067 1.0 0.9145
11300 144 0.0282651 1.0 0.91485
11400 145 0.0270371 1.0 0.9139
11500 147 0.0270445 1.0 0.9146
11600 148 0.0271538 1.0 0.9143
11700 149 0.0275887 1.0 0.91375
11800 151 0.0272979 1.0 0.9143
11900 152 0.0275648 1.0 0.91495
12000 153 0.0290787 1.0 0.9149
12100 154 0.0273318 1.0 0.915
12200 156 0.0257055 1.0 0.9147
12300 157 0.0281261 1.0 0.91475
12400 158 0.0283407 1.0 0.91585
12500 159 0.0340882 1.0 0.9152
12600 161 0.0265371 1.0 0.9155
12700 162 0.0263915 1.0 0.91525
12800 163 0.0274605 1.0 0.9153
12900 165 0.0253215 1.0 0.91535
13000 166 0.0268468 1.0 0.915
13100 167 0.0297812 1.0 0.9157
13200 168 0.0308392 1.0 0.9157
13300 170 0.028302 1.0 0.9156
13400 171 0.0264176 1.0 0.91575
13500 172 0.0283036 1.0 0.9161
13600 174 0.02812 1.0 0.91555
13700 175 0.0292651 1.0 0.9159
13800 176 0.0271954 1.0 0.91615
13900 177 0.0269149 1.0 0.9158
14000 179 0.0279491 1.0 0.91595
14100 180 0.0324076 1.0 0.9159

