100 1 0.80361086 0.84375 0.79025
200 2 0.7445197 0.80078125 0.80069995
300 3 0.6202923 0.91015625 0.84195
400 5 0.48405522 0.8828125 0.8423
500 6 0.37170014 0.90234375 0.86345
600 7 0.2967886 0.9375 0.8595
700 8 0.2835777 0.95703125 0.86945
800 10 0.2305812 0.98046875 0.88125
900 11 0.20805311 0.9765625 0.8905
1000 12 0.18063627 0.99609375 0.89125
1100 14 0.18721557 0.99609375 0.89055
1200 15 0.16336834 0.9921875 0.88839996
1300 16 0.14512895 1.0 0.89890003
1400 17 0.1301673 1.0 0.89575005
1500 19 0.119426034 1.0 0.9002
1600 20 0.113064036 0.99609375 0.90015
1700 21 0.12168415 1.0 0.90115
1800 23 0.11646282 1.0 0.90135
1900 24 0.09659979 1.0 0.9023
2000 25 0.09615502 1.0 0.90235
2100 26 0.09971279 1.0 0.90145
2200 28 0.086924486 1.0 0.90235
2300 29 0.08963083 1.0 0.9035
2400 30 0.08212038 1.0 0.90295005
2500 31 0.082578406 1.0 0.90405
2600 33 0.07322518 1.0 0.90155
2700 34 0.0692586 1.0 0.90279996
2800 35 0.0679919 1.0 0.89705
2900 37 0.08277407 1.0 0.90349996
3000 38 0.07242543 1.0 0.90305
3100 39 0.067025326 1.0 0.90465
3200 40 0.0695377 1.0 0.90375
3300 42 0.05813536 1.0 0.90285003
3400 43 0.059659794 1.0 0.90375
3500 44 0.060557693 1.0 0.90285003
3600 46 0.058626898 1.0 0.904
3700 47 0.062486537 1.0 0.90405
3800 48 0.053045254 1.0 0.9016
3900 49 0.05454269 1.0 0.90225
4000 51 0.049665824 1.0 0.90454996
4100 52 0.05322245 1.0 0.90475
4200 53 0.047467075 1.0 0.90470004
4300 55 0.056023426 1.0 0.90534997
4400 56 0.04739114 1.0 0.9039
4500 57 0.04481229 1.0 0.90345
4600 58 0.044923674 1.0 0.90045
4700 60 0.042950824 1.0 0.9052
4800 61 0.047754504 1.0 0.90455
4900 62 0.04898584 1.0 0.90505
5000 63 0.05016069 1.0 0.90470004
5100 65 0.04217575 1.0 0.90635
5200 66 0.055055298 1.0 0.90385
5300 67 0.04261132 1.0 0.9066
5400 69 0.03827163 1.0 0.90685
5500 70 0.04265938 1.0 0.9051
5600 71 0.03636671 1.0 0.9077
5700 72 0.03904743 1.0 0.90534997
5800 74 0.03991771 1.0 0.90405
5900 75 0.036689196 1.0 0.90635
6000 76 0.033503592 1.0 0.90540004
6100 78 0.037783056 1.0 0.90285003
6200 79 0.035144225 1.0 0.90615
6300 80 0.03622201 1.0 0.90665
6400 81 0.032613516 1.0 0.90565
6500 83 0.043716643 1.0 0.90639997
6600 84 0.03700064 1.0 0.90615
6700 85 0.035654027 1.0 0.9065
6800 87 0.038681947 1.0 0.90725
6900 88 0.039725736 1.0 0.90540004
7000 89 0.034766234 1.0 0.9063
7100 90 0.0330583 1.0 0.9067
7200 92 0.039649226 1.0 0.9062
7300 93 0.033921998 1.0 0.90674996
7400 94 0.02934476 1.0 0.9073
7500 95 0.033447053 1.0 0.90674996
7600 97 0.03593386 1.0 0.90715003
7700 98 0.03169644 1.0 0.90814996
7800 99 0.029076615 1.0 0.9077
7900 101 0.029064313 1.0 0.9075
8000 102 0.031294137 1.0 0.90775
8100 103 0.03506647 1.0 0.90725
8200 104 0.027387625 1.0 0.90760005
8300 106 0.027137663 1.0 0.90709996
8400 107 0.03156837 1.0 0.9078
8500 108 0.026352726 1.0 0.90785
8600 110 0.029693248 1.0 0.90845
8700 111 0.028680434 1.0 0.9079
8800 112 0.032212872 1.0 0.9077
8900 113 0.029868852 1.0 0.90705
9000 115 0.029103562 1.0 0.9074
9100 116 0.027691249 1.0 0.9084
9200 117 0.028345361 1.0 0.90805
9300 119 0.025641538 1.0 0.90915
9400 120 0.026761865 1.0 0.9083
9500 121 0.02530536 1.0 0.90875006
9600 122 0.028297953 1.0 0.9081
9700 124 0.028240867 1.0 0.90900004
9800 125 0.036530152 1.0 0.90900004
9900 126 0.027431333 1.0 0.90900004
10000 127 0.031918578 1.0 0.9084
10100 129 0.0276346 1.0 0.90775
10200 130 0.026916087 1.0 0.90825
10300 131 0.031481758 1.0 0.9088
10400 133 0.02937572 1.0 0.90865004
10500 134 0.027275825 1.0 0.90865004
10600 135 0.027667776 1.0 0.9077
10700 136 0.026589876 1.0 0.90795004
10800 138 0.02482136 1.0 0.90925
10900 139 0.02654785 1.0 0.90945
11000 140 0.023814807 1.0 0.9091
11100 142 0.029999528 1.0 0.9088
11200 143 0.02655518 1.0 0.9083
11300 144 0.026520487 1.0 0.90885
11400 145 0.026139542 1.0 0.9082
11500 147 0.025766378 1.0 0.90975
11600 148 0.026483811 1.0 0.90845
11700 149 0.024729442 1.0 0.90925
11800 151 0.025945097 1.0 0.90925
11900 152 0.027142378 1.0 0.9088
12000 153 0.023853205 1.0 0.90905
12100 154 0.029586442 1.0 0.9087
12200 156 0.025216019 1.0 0.90905
12300 157 0.024108361 1.0 0.9091
12400 158 0.024497159 1.0 0.9089
12500 159 0.024420626 1.0 0.90975
12600 161 0.023565644 1.0 0.90964997
12700 162 0.02656693 1.0 0.90945005
12800 163 0.0248717 1.0 0.9088
12900 165 0.024475966 1.0 0.909
13000 166 0.025486581 1.0 0.90945
13100 167 0.022921432 1.0 0.90935004
13200 168 0.0242284 1.0 0.90929997
13300 170 0.023940036 1.0 0.9095
13400 171 0.024392765 1.0 0.90975
13500 172 0.02598564 1.0 0.90955
13600 174 0.023280371 1.0 0.9095
13700 175 0.024750043 1.0 0.90955
13800 176 0.025071885 1.0 0.9099
13900 177 0.026479471 1.0 0.90935004
14000 179 0.027855892 1.0 0.90955
14100 180 0.02813315 1.0 0.90955

