100 1 0.9793287 0.72265625 0.72595
200 2 0.8446199 0.80078125 0.80285
300 3 0.64272946 0.8984375 0.84099996
400 5 0.45968932 0.9296875 0.8627
500 6 0.40878746 0.9375 0.86955
600 7 0.31974652 0.93359375 0.87375
700 8 0.27944982 0.97265625 0.88095
800 10 0.23991933 0.984375 0.8928
900 11 0.2041113 0.984375 0.89265
1000 12 0.19908835 0.99609375 0.8972
1100 14 0.1679982 1.0 0.9023
1200 15 0.14495133 1.0 0.90335
1300 16 0.14192726 1.0 0.9021
1400 17 0.12767874 1.0 0.90365
1500 19 0.11970849 1.0 0.90585
1600 20 0.1207787 1.0 0.90345
1700 21 0.10926657 1.0 0.9091
1800 23 0.10340318 1.0 0.89884996
1900 24 0.10412225 1.0 0.9075
2000 25 0.09039013 1.0 0.9018
2100 26 0.09913656 1.0 0.9101
2200 28 0.09570687 1.0 0.90865004
2300 29 0.09210187 1.0 0.90655
2400 30 0.09128915 1.0 0.9076
2500 31 0.08432315 1.0 0.9075
2600 33 0.07399416 1.0 0.90995
2700 34 0.072646156 1.0 0.906
2800 35 0.071716666 1.0 0.908
2900 37 0.06509402 1.0 0.90585
3000 38 0.06725095 1.0 0.90935
3100 39 0.07211507 1.0 0.90900004
3200 40 0.07923277 1.0 0.91015
3300 42 0.07873374 1.0 0.911
3400 43 0.06730743 1.0 0.9112
3500 44 0.056042608 1.0 0.9118
3600 46 0.0642482 1.0 0.91135
3700 47 0.054730084 1.0 0.91065
3800 48 0.05946135 1.0 0.9105
3900 49 0.062428243 1.0 0.90964997
4000 51 0.059479453 1.0 0.9101
4100 52 0.05239467 1.0 0.91045
4200 53 0.049896732 1.0 0.90975
4300 55 0.056695916 1.0 0.91225004
4400 56 0.05083809 1.0 0.9108
4500 57 0.05628234 1.0 0.9108
4600 58 0.045478433 1.0 0.9122
4700 60 0.046609867 1.0 0.9102
4800 61 0.044742048 1.0 0.91244996
4900 62 0.04346655 1.0 0.9127
5000 63 0.03976544 1.0 0.91305
5100 65 0.040286906 1.0 0.9084
5200 66 0.040581666 1.0 0.91225
5300 67 0.043421205 1.0 0.9101
5400 69 0.042372108 1.0 0.9116
5500 70 0.042552248 1.0 0.91035
5600 71 0.044574074 1.0 0.91260004
5700 72 0.03688357 1.0 0.9123
5800 74 0.039815918 1.0 0.9131
5900 75 0.03749648 1.0 0.9137
6000 76 0.035409663 1.0 0.91305
6100 78 0.037749678 1.0 0.9138
6200 79 0.04242824 1.0 0.91279995
6300 80 0.034897648 1.0 0.9127
6400 81 0.0374505 1.0 0.9127
6500 83 0.035693035 1.0 0.9133
6600 84 0.04396421 1.0 0.9131
6700 85 0.034964092 1.0 0.91324997
6800 87 0.03367656 1.0 0.91285
6900 88 0.03323382 1.0 0.91365004
7000 89 0.032048978 1.0 0.9123
7100 90 0.032583203 1.0 0.91295004
7200 92 0.032028448 1.0 0.91275
7300 93 0.03503388 1.0 0.91315
7400 94 0.031055672 1.0 0.9144
7500 95 0.031693324 1.0 0.913
7600 97 0.029956903 1.0 0.91365
7700 98 0.029535212 1.0 0.91355
7800 99 0.030210998 1.0 0.91425
7900 101 0.033603266 1.0 0.9137
8000 102 0.031205675 1.0 0.9138
8100 103 0.030932885 1.0 0.91405
8200 104 0.029161911 1.0 0.91419995
8300 106 0.029307567 1.0 0.91415
8400 107 0.027604574 1.0 0.91335
8500 108 0.027751982 1.0 0.91435003
8600 110 0.031078761 1.0 0.9142
8700 111 0.02988708 1.0 0.91400003
8800 112 0.029628873 1.0 0.91475
8900 113 0.029319039 1.0 0.91385
9000 115 0.03419348 1.0 0.91445
9100 116 0.02710354 1.0 0.91485
9200 117 0.02837639 1.0 0.91375005
9300 119 0.032179665 1.0 0.9139
9400 120 0.026119508 1.0 0.9131
9500 121 0.025741111 1.0 0.91429996
9600 122 0.027525788 1.0 0.91575
9700 124 0.029433 1.0 0.9146
9800 125 0.028706178 1.0 0.91495
9900 126 0.02888133 1.0 0.91405
10000 127 0.027419966 1.0 0.9145
10100 129 0.02531096 1.0 0.91405
10200 130 0.028649068 1.0 0.91394997
10300 131 0.031227848 1.0 0.91475
10400 133 0.027459342 1.0 0.91415
10500 134 0.025084767 1.0 0.91505
10600 135 0.027431384 1.0 0.91470003
10700 136 0.026675371 1.0 0.91415
10800 138 0.025496379 1.0 0.91425
10900 139 0.026413422 1.0 0.91495
11000 140 0.030311622 1.0 0.91429996
11100 142 0.025620408 1.0 0.91435003
11200 143 0.02761412 1.0 0.91545
11300 144 0.026853364 1.0 0.91545
11400 145 0.026066072 1.0 0.9154
11500 147 0.025325917 1.0 0.91470003
11600 148 0.025074918 1.0 0.9144
11700 149 0.02944825 1.0 0.9149
11800 151 0.024885677 1.0 0.9145
11900 152 0.024903495 1.0 0.9146
12000 153 0.023402123 1.0 0.9149
12100 154 0.024436243 1.0 0.91429996
12200 156 0.025932685 1.0 0.91435003
12300 157 0.027988916 1.0 0.91405
12400 158 0.0283249 1.0 0.91465
12500 159 0.024152447 1.0 0.91429996
12600 161 0.026278665 1.0 0.91454995
12700 162 0.02838409 1.0 0.91495
12800 163 0.02530627 1.0 0.91429996
12900 165 0.024054281 1.0 0.9145
13000 166 0.025368085 1.0 0.91464996
13100 167 0.029715352 1.0 0.915
13200 168 0.028977834 1.0 0.9151
13300 170 0.029646285 1.0 0.9146
13400 171 0.028784033 1.0 0.91555
13500 172 0.027030699 1.0 0.9151
13600 174 0.029247304 1.0 0.9148
13700 175 0.033473097 1.0 0.91499996
13800 176 0.024584128 1.0 0.9151
13900 177 0.025983844 1.0 0.91495
14000 179 0.033482734 1.0 0.91499996
14100 180 0.024216523 1.0 0.91515

