100 0 5.593253 0.24609375 0.19362729787826538
200 0 5.7241244 0.0 0.1817055195569992
300 1 4.756293 0.14453125 0.1858549863100052
400 1 3.3593218 0.13671875 0.18480485677719116
500 2 2.0201333 0.1875 0.18700550496578217
600 2 1.4932275 0.21484375 0.1888056844472885
700 2 0.96602064 0.14453125 0.19400671124458313
800 3 0.6980987 0.25 0.20865881443023682
900 3 0.5385865 0.21875 0.2181602269411087
1000 4 0.37079477 0.30078125 0.23566287755966187
1100 4 0.33695522 0.46484375 0.2633686661720276
1200 4 0.32695538 0.62109375 0.31777894496917725
1300 5 0.30815685 0.734375 0.3473832607269287
1400 5 0.27279395 0.7265625 0.33247900009155273
1500 6 0.24936415 0.9140625 0.38439083099365234
1600 6 0.23212452 0.94140625 0.4088455140590668
1700 6 0.2599017 0.9453125 0.4055442214012146
1800 7 0.22197685 0.9609375 0.4189465641975403
1900 7 0.2224178 0.98828125 0.424399197101593
2000 8 0.16583975 0.99609375 0.4372006952762604
2100 8 0.21363863 0.984375 0.4219517111778259
2200 9 0.15600234 1.0 0.4464012682437897
2300 9 0.1719745 1.0 0.44175097346305847
2400 9 0.1666269 1.0 0.4398016929626465
2500 10 0.15420601 1.0 0.4478515386581421
2600 10 0.15669236 1.0 0.4234495759010315
2700 11 0.18221623 1.0 0.4373513460159302
2800 11 0.1421367 1.0 0.4304034113883972
2900 11 0.1352451 1.0 0.4344021677970886
3000 12 0.14001845 1.0 0.44710206985473633
3100 12 0.1278641 1.0 0.45085179805755615
3200 13 0.12265745 1.0 0.4298481047153473
3300 13 0.14204189 1.0 0.4455503225326538
3400 13 0.1425052 1.0 0.4495014250278473
3500 14 0.11571521 1.0 0.45280197262763977
3600 14 0.10981627 1.0 0.44500094652175903
3700 15 0.10941173 1.0 0.45390141010284424
3800 15 0.11514883 1.0 0.436149924993515
3900 16 0.0965406 1.0 0.44265273213386536
4000 16 0.10728045 1.0 0.4480013847351074
4100 16 0.094335236 1.0 0.45020151138305664
4200 17 0.09480199 1.0 0.44725126028060913
4300 17 0.11311874 1.0 0.45410317182540894
4400 18 0.111334 1.0 0.4292512834072113
4500 18 0.09788314 1.0 0.4471515417098999
4600 18 0.10485819 1.0 0.44735169410705566
4700 19 0.08911643 1.0 0.45245110988616943
4800 19 0.09633212 1.0 0.45565325021743774
4900 20 0.08324766 1.0 0.4483517110347748
5000 20 0.09043977 1.0 0.450501948595047
5100 20 0.07720807 1.0 0.4518015682697296
5200 21 0.08288047 1.0 0.4512024521827698
5300 21 0.07360927 1.0 0.448699951171875
5400 22 0.09950513 1.0 0.4525509476661682
5500 22 0.08015168 1.0 0.4452993869781494
5600 22 0.08488694 1.0 0.45490068197250366
5700 23 0.08116978 1.0 0.45110034942626953
5800 23 0.09481064 1.0 0.45325130224227905
5900 24 0.08225465 1.0 0.4518502950668335
6000 24 0.0743919 1.0 0.4605512022972107
6100 25 0.07700731 1.0 0.45900169014930725
6200 25 0.08770802 1.0 0.4516517221927643
6300 25 0.0935135 1.0 0.45330074429512024
6400 26 0.07684511 1.0 0.4571511745452881
6500 26 0.07916926 1.0 0.4554020166397095
6600 27 0.0768607 1.0 0.45925191044807434
6700 27 0.07225803 1.0 0.45495283603668213
6800 27 0.06814675 1.0 0.459001749753952
6900 28 0.06668088 1.0 0.45580101013183594
7000 28 0.06129048 1.0 0.45520126819610596
7100 29 0.07843049 1.0 0.4601517915725708
7200 29 0.06592511 1.0 0.4554513394832611
7300 29 0.07017993 1.0 0.45840150117874146
7400 30 0.06888546 1.0 0.46165162324905396
7500 30 0.065976776 1.0 0.4565516710281372
7600 31 0.06729671 1.0 0.4587514400482178
7700 31 0.0827205 1.0 0.4557514786720276
7800 32 0.067897074 1.0 0.45285189151763916
7900 32 0.059872877 1.0 0.45330196619033813
8000 32 0.08327599 1.0 0.45550182461738586
8100 33 0.081587054 1.0 0.4587017893791199
8200 33 0.07204686 1.0 0.4667523503303528
8300 34 0.06265425 1.0 0.46230193972587585
8400 34 0.07436928 1.0 0.4642515778541565
8500 34 0.06869429 1.0 0.4606017470359802
8600 35 0.06371098 1.0 0.46025145053863525
8700 35 0.05778662 1.0 0.4622013568878174
8800 36 0.06131383 1.0 0.46265193819999695
8900 36 0.062452216 1.0 0.46080172061920166
9000 36 0.060466222 1.0 0.46265166997909546
9100 37 0.06117297 1.0 0.46435195207595825
9200 37 0.05777214 1.0 0.4618012309074402
9300 38 0.07980331 1.0 0.46275246143341064
9400 38 0.06482352 1.0 0.4637520909309387
9500 39 0.057953164 1.0 0.4634520411491394
9600 39 0.0619605 1.0 0.461201936006546
9700 39 0.059393164 1.0 0.463852196931839
9800 40 0.06036908 1.0 0.4629018008708954
9900 40 0.0679704 1.0 0.46400171518325806
10000 41 0.05947676 1.0 0.46235162019729614
10100 41 0.07025195 1.0 0.4623514711856842
10200 41 0.05822949 1.0 0.4571516513824463
10300 42 0.071492665 1.0 0.4594017267227173
10400 42 0.062387034 1.0 0.45850110054016113
10500 43 0.06059549 1.0 0.4613514542579651
10600 43 0.061900966 1.0 0.4607015550136566
10700 43 0.0596512 1.0 0.4604512155056
10800 44 0.05608612 1.0 0.45935142040252686
10900 44 0.07211474 1.0 0.4620017409324646
11000 45 0.058352426 1.0 0.46110156178474426
11100 45 0.06772818 1.0 0.45925185084342957
11200 45 0.06750366 1.0 0.46305182576179504
11300 46 0.06667744 1.0 0.4615021049976349
11400 46 0.05495392 1.0 0.46050170063972473
11500 47 0.061473083 1.0 0.46235182881355286
11600 47 0.055927403 1.0 0.4626019597053528
11700 48 0.06267007 1.0 0.4616517424583435
11800 48 0.059315637 1.0 0.4629017412662506
11900 48 0.056951515 1.0 0.4629518985748291
12000 49 0.058023147 1.0 0.46240195631980896
12100 49 0.05759713 1.0 0.4635019600391388
12200 50 0.061470475 1.0 0.46260198950767517
12300 50 0.05487459 1.0 0.4632018804550171
12400 50 0.05314983 1.0 0.463101863861084
12500 51 0.06367089 1.0 0.4638020098209381
12600 51 0.052657418 1.0 0.4621019959449768
12700 52 0.0571087 1.0 0.46210193634033203
12800 52 0.054409005 1.0 0.4626520872116089
12900 52 0.05894815 1.0 0.46190208196640015
13000 53 0.06705099 1.0 0.46215200424194336
13100 53 0.058049537 1.0 0.46205195784568787
13200 54 0.055978466 1.0 0.4629018306732178
13300 54 0.055640988 1.0 0.46315187215805054
13400 55 0.062165562 1.0 0.46325182914733887
13500 55 0.055475686 1.0 0.4631517827510834
13600 55 0.056094784 1.0 0.463551789522171
13700 56 0.05990188 1.0 0.46315157413482666
13800 56 0.0569013 1.0 0.4628017246723175
13900 57 0.057800513 1.0 0.46310192346572876
14000 57 0.054681495 1.0 0.463501900434494
14100 57 0.0561701 1.0 0.4637519419193268
14200 58 0.066015854 1.0 0.4641517996788025
14300 58 0.06433707 1.0 0.4641018211841583
14400 59 0.064333074 1.0 0.46370187401771545
14500 59 0.058848053 1.0 0.464701771736145
14600 59 0.06891847 1.0 0.4650019407272339
14700 60 0.06808472 1.0 0.46395182609558105
14800 60 0.052885346 1.0 0.4647517800331116
14900 61 0.056158923 1.0 0.4636017680168152
15000 61 0.061429832 1.0 0.4638518989086151
15100 62 0.054400958 1.0 0.4630018174648285
15200 62 0.054356735 1.0 0.4634518325328827
15300 62 0.060660943 1.0 0.46355175971984863
15400 63 0.063931696 1.0 0.46450191736221313
15500 63 0.054564714 1.0 0.46415191888809204
15600 64 0.064459056 1.0 0.4632517695426941
15700 64 0.05626586 1.0 0.46410179138183594
15800 64 0.062280063 1.0 0.4643517732620239
15900 65 0.05493426 1.0 0.4641018509864807
16000 65 0.059921328 1.0 0.4642518162727356
16100 66 0.073102824 1.0 0.4647018313407898
16200 66 0.06639105 1.0 0.4643518328666687
16300 66 0.05680433 1.0 0.4641019105911255
16400 67 0.056753326 1.0 0.4639519155025482
16500 67 0.051546283 1.0 0.46360188722610474
16600 68 0.05557467 1.0 0.46425187587738037
16700 68 0.06647286 1.0 0.4641518294811249
16800 68 0.057358563 1.0 0.464251846075058
16900 69 0.059607424 1.0 0.4642518162727356
17000 69 0.06910381 1.0 0.4637017846107483
17100 70 0.062276695 1.0 0.4640518128871918
17200 70 0.056487612 1.0 0.46410179138183594
17300 71 0.057564843 1.0 0.4643517732620239
17400 71 0.06354068 1.0 0.4643017649650574
17500 71 0.061847147 1.0 0.4647018015384674
17600 72 0.062155962 1.0 0.46465176343917847
17700 72 0.06170445 1.0 0.46445176005363464
17800 73 0.05481787 1.0 0.4648017883300781
17900 73 0.05844658 1.0 0.46520179510116577
18000 73 0.0600551 1.0 0.4648017883300781
18100 74 0.056433227 1.0 0.46410179138183594
18200 74 0.05448124 1.0 0.4645017981529236
18300 75 0.05655593 1.0 0.4646018147468567
18400 75 0.05478013 1.0 0.46485185623168945
18500 75 0.05426399 1.0 0.4646018147468567
18600 76 0.052888293 1.0 0.46475183963775635
18700 76 0.06270281 1.0 0.4646018147468567
18800 77 0.054866813 1.0 0.4645518362522125
18900 77 0.055982783 1.0 0.46410179138183594
19000 78 0.059097715 1.0 0.4646018445491791
19100 78 0.05766418 1.0 0.46425187587738037
19200 78 0.05895923 1.0 0.46395182609558105
19300 79 0.05506336 1.0 0.4643018841743469
19400 79 0.05934916 1.0 0.4638518989086151
19500 80 0.06595123 1.0 0.46400186419487
19600 80 0.061841168 1.0 0.46415188908576965
19700 80 0.05546525 1.0 0.46415191888809204
19800 81 0.063087426 1.0 0.4643518924713135
19900 81 0.051297124 1.0 0.4643018841743469
20000 82 0.06764211 1.0 0.4642018675804138
20100 82 0.061946485 1.0 0.46415185928344727
20200 82 0.05667954 1.0 0.4638518691062927
20300 83 0.06062582 1.0 0.4644518494606018
20400 83 0.05437368 1.0 0.4641018509864807
20500 84 0.055364195 1.0 0.464251846075058
20600 84 0.058162533 1.0 0.4641018211841583
20700 85 0.0643636 1.0 0.46425187587738037
20800 85 0.05740984 1.0 0.4643518924713135
20900 85 0.055830836 1.0 0.4643518328666687
21000 86 0.059898384 1.0 0.4643518328666687
21100 86 0.06161163 1.0 0.4644518494606018
21200 87 0.05531321 1.0 0.46430182456970215
21300 87 0.058039002 1.0 0.46460187435150146
21400 87 0.058788158 1.0 0.4642517864704132
21500 88 0.05396093 1.0 0.46445178985595703
21600 88 0.07743645 1.0 0.46445178985595703
21700 89 0.06686497 1.0 0.4641517996788025
21800 89 0.05967023 1.0 0.46410179138183594
21900 89 0.06343499 1.0 0.4642518162727356

