100 0 5.61032 0.0 0.101400382817
200 0 5.73905 0.0 0.186436444521
300 1 4.88124 0.179688 0.191255524755
400 1 3.65586 0.15625 0.189206138253
500 2 2.78608 0.144531 0.188005879521
600 2 2.09046 0.167969 0.188856393099
700 2 1.50514 0.179688 0.190756946802
800 3 0.892047 0.179688 0.203010767698
900 3 0.790233 0.195312 0.209661468863
1000 4 0.533843 0.21875 0.22666567564
1100 4 0.490813 0.25 0.233317941427
1200 4 0.439638 0.269531 0.250621765852
1300 5 0.340994 0.308594 0.262574106455
1400 5 0.391188 0.246094 0.243268191814
1500 6 0.322776 0.222656 0.215911835432
1600 6 0.318194 0.171875 0.21566170454
1700 6 0.295947 0.152344 0.185055330396
1800 7 0.253547 0.164062 0.185055330396
1900 7 0.220469 0.117188 0.185055330396
2000 8 0.258188 0.171875 0.185055330396
2100 8 0.228536 0.207031 0.185055330396
2200 9 0.239828 0.136719 0.185055330396
2300 9 0.193102 0.171875 0.185055330396
2400 9 0.206358 0.183594 0.185055330396
2500 10 0.179173 0.167969 0.185055330396
2600 10 0.194906 0.171875 0.185355350375
2700 11 0.157967 0.15625 0.18640550971
2800 11 0.148756 0.144531 0.186805546284
2900 11 0.165017 0.175781 0.188705772161
3000 12 0.156773 0.164062 0.194206357002
3100 12 0.207493 0.152344 0.197456732392
3200 13 0.145554 0.179688 0.194856435061
3300 13 0.137166 0.207031 0.193606317043
3400 13 0.135847 0.199219 0.195106387138
3500 14 0.170704 0.164062 0.193556278944
3600 14 0.155033 0.144531 0.194456383586
3700 15 0.142892 0.167969 0.191406071186
3800 15 0.160174 0.160156 0.192006081343
3900 16 0.127391 0.175781 0.191206008196
4000 16 0.165958 0.1875 0.190555930138
4100 16 0.124314 0.167969 0.191706031561
4200 17 0.120309 0.148438 0.191205978394
4300 17 0.111177 0.1875 0.190905988216
4400 18 0.13337 0.140625 0.191006034613
4500 18 0.116244 0.152344 0.191406071186
4600 18 0.11144 0.171875 0.19285620749
4700 19 0.123768 0.195312 0.197456777096
4800 19 0.117332 0.167969 0.200506985188
4900 20 0.111833 0.253906 0.207357674837
5000 20 0.131489 0.285156 0.21220818162
5100 20 0.148919 0.210938 0.209607750177
5200 21 0.11562 0.246094 0.208057507873
5300 21 0.122292 0.242188 0.205207407475
5400 22 0.0993042 0.242188 0.205557614565
5500 22 0.110529 0.214844 0.205858021975
5600 22 0.128216 0.222656 0.210209220648
5700 23 0.110118 0.3125 0.231113940477
5800 23 0.104444 0.320312 0.246466979384
5900 24 0.107685 0.292969 0.261620730162
6000 24 0.104278 0.332031 0.262621104717
6100 25 0.116837 0.34375 0.276374578476
6200 25 0.107755 0.347656 0.290878772736
6300 25 0.105966 0.351562 0.289177983999
6400 26 0.106218 0.355469 0.299881339073
6500 26 0.11197 0.371094 0.303034067154
6600 27 0.141548 0.324219 0.30553483963
6700 27 0.103189 0.398438 0.306486219168
6800 27 0.0905154 0.394531 0.305135309696
6900 28 0.0979031 0.453125 0.30628746748
7000 28 0.0880271 0.554688 0.312837928534
7100 29 0.0989946 0.519531 0.305089533329
7200 29 0.0978594 0.550781 0.306439459324
7300 29 0.0967876 0.582031 0.317439615726
7400 30 0.0970559 0.589844 0.32009023428
7500 30 0.087668 0.617188 0.324141412973
7600 31 0.0910921 0.621094 0.330242007971
7700 31 0.0905093 0.710938 0.340142786503
7800 32 0.0962407 0.730469 0.345543950796
7900 32 0.0944686 0.792969 0.355294525623
8000 32 0.0901966 0.898438 0.360295474529
8100 33 0.10185 0.863281 0.37009614706
8200 33 0.102945 0.90625 0.380246400833
8300 34 0.0938349 0.933594 0.389948427677
8400 34 0.0906166 0.949219 0.399598926306
8500 34 0.0839042 0.949219 0.407100021839
8600 35 0.0909162 0.945312 0.410949587822
8700 35 0.0937577 0.980469 0.422250807285
8800 36 0.0897374 1.0 0.427151918411
8900 36 0.0952961 1.0 0.427002310753
9000 36 0.092174 1.0 0.433401733637
9100 37 0.0915494 1.0 0.442352801561
9200 37 0.0947396 1.0 0.445002913475
9300 38 0.0955873 1.0 0.447553157806
9400 38 0.0882241 1.0 0.448052793741
9500 39 0.090198 1.0 0.454903453588
9600 39 0.07988 1.0 0.456103175879
9700 39 0.0934982 1.0 0.453303277493
9800 40 0.092743 1.0 0.454103291035
9900 40 0.0831855 1.0 0.458253443241
10000 41 0.0785712 1.0 0.457903802395
10100 41 0.0872335 1.0 0.459503352642
10200 41 0.0916388 1.0 0.459003150463
10300 42 0.0924252 1.0 0.463053643703
10400 42 0.0843075 1.0 0.463703870773
10500 43 0.0850258 1.0 0.467704206705
10600 43 0.0976834 1.0 0.467053949833
10700 43 0.0754897 1.0 0.466903865337
10800 44 0.077731 1.0 0.469303488731
10900 44 0.0863618 1.0 0.46910354495
11000 45 0.076845 1.0 0.47140365839
11100 45 0.0819267 1.0 0.471253395081
11200 45 0.0832814 1.0 0.468353420496
11300 46 0.0904889 1.0 0.468603402376
11400 46 0.0768505 1.0 0.4682533741
11500 47 0.102242 1.0 0.470203429461
11600 47 0.0783995 1.0 0.471153557301
11700 48 0.0828165 1.0 0.472053706646
11800 48 0.0877186 1.0 0.472753286362
11900 48 0.0808078 1.0 0.471353411674
12000 49 0.0788389 1.0 0.470603466034
12100 49 0.0790672 1.0 0.471103489399
12200 50 0.0835547 1.0 0.470853447914
12300 50 0.0862785 1.0 0.471303701401
12400 50 0.0987291 1.0 0.473003447056
12500 51 0.0846538 1.0 0.471503525972
12600 51 0.0821541 1.0 0.471053540707
12700 52 0.0813067 1.0 0.471403419971
12800 52 0.0774721 1.0 0.471353292465
12900 52 0.0780185 1.0 0.472003281116
13000 53 0.0737171 1.0 0.472453504801
13100 53 0.078183 1.0 0.471103280783
13200 54 0.0880599 1.0 0.471153140068
13300 54 0.0769074 1.0 0.472153186798
13400 55 0.0748137 1.0 0.472503244877
13500 55 0.0765909 1.0 0.472453117371
13600 55 0.0834262 1.0 0.472902834415
13700 56 0.078796 1.0 0.474352836609
13800 56 0.0788385 1.0 0.473003089428
13900 57 0.0840522 1.0 0.472653150558
14000 57 0.0878917 1.0 0.471802979708
14100 57 0.0822717 1.0 0.472703099251
14200 58 0.0875999 1.0 0.473053187132
14300 58 0.074892 1.0 0.473753154278
14400 59 0.096916 1.0 0.473103046417
14500 59 0.0774924 1.0 0.473053097725
14600 59 0.0850576 1.0 0.474203199148
14700 60 0.0810986 1.0 0.474253118038
14800 60 0.0772289 1.0 0.474103033543
14900 61 0.092672 1.0 0.474653154612
15000 61 0.0862426 1.0 0.474903166294
15100 62 0.0738329 1.0 0.474603176117
15200 62 0.0772297 1.0 0.473502993584
15300 62 0.0786335 1.0 0.474103093147
15400 63 0.0781469 1.0 0.47435310483
15500 63 0.0805004 1.0 0.473652899265
15600 64 0.0832236 1.0 0.473953068256
15700 64 0.0814086 1.0 0.473352968693
15800 64 0.0889322 1.0 0.47340297699
15900 65 0.0757828 1.0 0.473002940416
16000 65 0.100036 1.0 0.473303109407
16100 66 0.0768761 1.0 0.472902953625
16200 66 0.0713014 1.0 0.473252952099
16300 66 0.0810465 1.0 0.47290289402
16400 67 0.0866778 1.0 0.47330302
16500 67 0.0794961 1.0 0.473303079605
16600 68 0.0720162 1.0 0.47310307622
16700 68 0.0799609 1.0 0.47360303998
16800 68 0.0798641 1.0 0.474053114653
16900 69 0.0848001 1.0 0.473452985287
17000 69 0.0842422 1.0 0.473152905703
17100 70 0.0740706 1.0 0.473552972078
17200 70 0.0775804 1.0 0.473502993584
17300 71 0.0801999 1.0 0.473852992058
17400 71 0.0801758 1.0 0.473702967167
17500 71 0.0779347 1.0 0.473752915859
17600 72 0.0821557 1.0 0.474453002214
17700 72 0.0767419 1.0 0.474752992392
17800 73 0.0759088 1.0 0.474102914333
17900 73 0.0779519 1.0 0.474052995443
18000 73 0.0807345 1.0 0.47365295887
18100 74 0.0891016 1.0 0.473452925682
18200 74 0.0738575 1.0 0.473752915859
18300 75 0.0843716 1.0 0.473752945662
18400 75 0.0766064 1.0 0.473852962255
18500 75 0.0827168 1.0 0.474153012037
18600 76 0.0756238 1.0 0.473952978849
18700 76 0.0892736 1.0 0.473702967167
18800 77 0.0812163 1.0 0.473852992058
18900 77 0.0826447 1.0 0.473752975464
19000 78 0.0798268 1.0 0.473552942276
19100 78 0.0887263 1.0 0.473702967167
19200 78 0.0775646 1.0 0.473502963781
19300 79 0.0805651 1.0 0.473452985287
19400 79 0.0829464 1.0 0.473602950573
19500 80 0.0778924 1.0 0.473702996969
19600 80 0.0829705 1.0 0.473653018475
19700 80 0.0736963 1.0 0.473853051662
19800 81 0.0909155 1.0 0.473953008652
19900 81 0.0807223 1.0 0.473903000355
20000 82 0.0823631 1.0 0.473802983761
20100 82 0.0869809 1.0 0.473902970552
20200 82 0.0769432 1.0 0.473953008652
20300 83 0.0906343 1.0 0.473852962255
20400 83 0.079255 1.0 0.473803013563
20500 84 0.0745928 1.0 0.473752945662
20600 84 0.0853568 1.0 0.474152982235
20700 85 0.0767614 1.0 0.474052965641
20800 85 0.0766982 1.0 0.473602890968
20900 85 0.0914361 1.0 0.473902970552
21000 86 0.0784062 1.0 0.474252998829
21100 86 0.0790885 1.0 0.474353015423
21200 87 0.0803888 1.0 0.473952949047
21300 87 0.0764897 1.0 0.474253058434
21400 87 0.0832094 1.0 0.473752975464
21500 88 0.0725665 1.0 0.47390294075
21600 88 0.0801569 1.0 0.474203050137
21700 89 0.093119 1.0 0.474202990532
21800 89 0.0706037 1.0 0.47415304184
21900 89 0.0826187 1.0 0.47410300374

