100 0 5.58486 0.0 0.178684830666
200 0 5.72514 0.226562 0.0807581618428
300 1 4.94339 0.148438 0.186255186796
400 1 3.94995 0.164062 0.193006232381
500 2 2.43569 0.1875 0.18465539813
600 2 1.84826 0.128906 0.188955828547
700 2 1.14501 0.164062 0.188406124711
800 3 0.64711 0.167969 0.196757018566
900 3 0.5913 0.199219 0.215060740709
1000 4 0.478231 0.285156 0.22246208787
1100 4 0.357063 0.355469 0.267171144485
1200 4 0.372546 0.375 0.303427815437
1300 5 0.2747 0.523438 0.337733089924
1400 5 0.296808 0.65625 0.356437623501
1500 6 0.271566 0.769531 0.382741034031
1600 6 0.261277 0.769531 0.391742646694
1700 6 0.230887 0.894531 0.398244053125
1800 7 0.250353 0.949219 0.408696115017
1900 7 0.2213 0.953125 0.406594395638
2000 8 0.17802 0.980469 0.432047516108
2100 8 0.230376 0.972656 0.438250362873
2200 9 0.154241 0.984375 0.445751547813
2300 9 0.202105 1.0 0.442650794983
2400 9 0.158296 1.0 0.442451715469
2500 10 0.159114 0.992188 0.441952317953
2600 10 0.15282 1.0 0.440601199865
2700 11 0.171478 1.0 0.442702114582
2800 11 0.138524 1.0 0.439400732517
2900 11 0.128619 1.0 0.431251704693
3000 12 0.150658 1.0 0.452103018761
3100 12 0.132605 1.0 0.44005304575
3200 13 0.120196 1.0 0.448451817036
3300 13 0.139872 1.0 0.441102087498
3400 13 0.134823 0.996094 0.444652915001
3500 14 0.132454 1.0 0.438953906298
3600 14 0.171641 1.0 0.451653063297
3700 15 0.103582 1.0 0.439054250717
3800 15 0.112208 1.0 0.430852472782
3900 16 0.0921863 1.0 0.448753774166
4000 16 0.118447 1.0 0.45755314827
4100 16 0.102468 1.0 0.450302660465
4200 17 0.106173 1.0 0.452002584934
4300 17 0.115417 1.0 0.44780305028
4400 18 0.105366 1.0 0.435902863741
4500 18 0.0927892 1.0 0.44510281086
4600 18 0.103536 1.0 0.447901964188
4700 19 0.104955 1.0 0.444052577019
4800 19 0.0901159 1.0 0.443703055382
4900 20 0.0998265 1.0 0.442503869534
5000 20 0.116875 1.0 0.454553186893
5100 20 0.0944498 1.0 0.447103828192
5200 21 0.10687 1.0 0.446753591299
5300 21 0.103218 1.0 0.450003683567
5400 22 0.0901746 1.0 0.4562535882
5500 22 0.0944483 1.0 0.451553016901
5600 22 0.0902338 1.0 0.4493034482
5700 23 0.0926628 1.0 0.454904735088
5800 23 0.0962477 1.0 0.45180311799
5900 24 0.0834422 1.0 0.449203461409
6000 24 0.0871385 1.0 0.456553697586
6100 25 0.0889535 1.0 0.457804203033
6200 25 0.0835452 1.0 0.455004632473
6300 25 0.0786491 1.0 0.459503829479
6400 26 0.0700492 1.0 0.45780402422
6500 26 0.0781313 1.0 0.458304136992
6600 27 0.0704819 1.0 0.456553816795
6700 27 0.0718745 1.0 0.454003542662
6800 27 0.0671366 1.0 0.456504225731
6900 28 0.0735778 1.0 0.462703734636
7000 28 0.0812877 1.0 0.461454212666
7100 29 0.080078 1.0 0.46275433898
7200 29 0.0752819 1.0 0.460554271936
7300 29 0.0724924 1.0 0.457104086876
7400 30 0.0892203 1.0 0.458553910255
7500 30 0.080652 1.0 0.449553132057
7600 31 0.0769284 1.0 0.45425337553
7700 31 0.0715713 1.0 0.458703458309
7800 32 0.0744716 1.0 0.455153048038
7900 32 0.0685637 1.0 0.4529530406
8000 32 0.0780779 1.0 0.45480287075
8100 33 0.0741763 1.0 0.460803538561
8200 33 0.0665143 1.0 0.462303876877
8300 34 0.075434 1.0 0.453953146935
8400 34 0.0722831 1.0 0.449552774429
8500 34 0.0723657 1.0 0.455103605986
8600 35 0.068835 1.0 0.458803474903
8700 35 0.0702871 1.0 0.458453446627
8800 36 0.0686174 1.0 0.455903172493
8900 36 0.0644567 1.0 0.458203136921
9000 36 0.0734593 1.0 0.458252996206
9100 37 0.0678793 1.0 0.46035310626
9200 37 0.0684429 1.0 0.460152804852
9300 38 0.0647427 1.0 0.458253204823
9400 38 0.0708578 1.0 0.458402633667
9500 39 0.0709838 1.0 0.463053554296
9600 39 0.0755796 1.0 0.45875275135
9700 39 0.0660004 1.0 0.45905315876
9800 40 0.0693053 1.0 0.463352710009
9900 40 0.0735711 1.0 0.462703108788
10000 41 0.0633221 1.0 0.462252616882
10100 41 0.0677213 1.0 0.462502628565
10200 41 0.0677908 1.0 0.461652487516
10300 42 0.058819 1.0 0.461902558804
10400 42 0.0706523 1.0 0.462652683258
10500 43 0.0605759 1.0 0.462353140116
10600 43 0.0769328 1.0 0.463952958584
10700 43 0.0674391 1.0 0.464102745056
10800 44 0.0699911 1.0 0.46380251646
10900 44 0.0703191 1.0 0.461702287197
11000 45 0.072869 1.0 0.461502432823
11100 45 0.0611667 1.0 0.464702218771
11200 45 0.0696316 1.0 0.465702086687
11300 46 0.0604171 1.0 0.4639518857
11400 46 0.0683267 1.0 0.463602095842
11500 47 0.0814025 1.0 0.465052425861
11600 47 0.0616818 1.0 0.463002443314
11700 48 0.06844 1.0 0.463952571154
11800 48 0.0663207 1.0 0.465652734041
11900 48 0.0653011 1.0 0.463502407074
12000 49 0.0704378 1.0 0.464302629232
12100 49 0.0656975 1.0 0.46635261178
12200 50 0.0759224 1.0 0.465052455664
12300 50 0.0717426 1.0 0.46400219202
12400 50 0.0673326 1.0 0.465302318335
12500 51 0.0586558 1.0 0.46380212903
12600 51 0.0573522 1.0 0.463152229786
12700 52 0.0722071 1.0 0.465702325106
12800 52 0.0640553 1.0 0.466202259064
12900 52 0.0598006 1.0 0.466952294111
13000 53 0.0627439 1.0 0.466302067041
13100 53 0.0625401 1.0 0.465302199125
13200 54 0.0651867 1.0 0.466402411461
13300 54 0.0661939 1.0 0.466902434826
13400 55 0.0578428 1.0 0.466602444649
13500 55 0.0611703 1.0 0.465902447701
13600 55 0.0694465 1.0 0.465402364731
13700 56 0.0654712 1.0 0.466302275658
13800 56 0.0697262 1.0 0.465602099895
13900 57 0.063122 1.0 0.465252161026
14000 57 0.0717019 1.0 0.467002183199
14100 57 0.0648613 1.0 0.467002153397
14200 58 0.0614051 1.0 0.466352105141
14300 58 0.0601912 1.0 0.465352118015
14400 59 0.0719945 1.0 0.464602053165
14500 59 0.0652565 1.0 0.465052068233
14600 59 0.0604209 1.0 0.465002030134
14700 60 0.0716999 1.0 0.464351952076
14800 60 0.0738847 1.0 0.465252131224
14900 61 0.0636374 1.0 0.464351952076
15000 61 0.0618879 1.0 0.464251935482
15100 62 0.059728 1.0 0.464552044868
15200 62 0.0682953 1.0 0.464601933956
15300 62 0.0691377 1.0 0.465052068233
15400 63 0.0660025 1.0 0.46500197053
15500 63 0.0666819 1.0 0.465602099895
15600 64 0.0636144 1.0 0.464702099562
15700 64 0.0672157 1.0 0.465102136135
15800 64 0.0570208 1.0 0.465752094984
15900 65 0.065174 1.0 0.465402156115
16000 65 0.0634042 1.0 0.465652108192
16100 66 0.0604395 1.0 0.465302079916
16200 66 0.0671302 1.0 0.465552121401
16300 66 0.0612304 1.0 0.466102093458
16400 67 0.0588547 1.0 0.466002047062
16500 67 0.0589965 1.0 0.466502130032
16600 68 0.0648994 1.0 0.466452151537
16700 68 0.0617874 1.0 0.466202139854
16800 68 0.064339 1.0 0.466252118349
16900 69 0.0619112 1.0 0.466652095318
17000 69 0.0784693 1.0 0.465802073479
17100 70 0.0710543 1.0 0.465752065182
17200 70 0.0587524 1.0 0.465352028608
17300 71 0.0599281 1.0 0.465051978827
17400 71 0.0603022 1.0 0.465502053499
17500 71 0.0605925 1.0 0.465752065182
17600 72 0.0692791 1.0 0.465402007103
17700 72 0.0627758 1.0 0.46570199728
17800 73 0.0667047 1.0 0.465802013874
17900 73 0.0644881 1.0 0.466351985931
18000 73 0.0578123 1.0 0.46595197916
18100 74 0.0681462 1.0 0.466001957655
18200 74 0.0659441 1.0 0.465801924467
18300 75 0.0701236 1.0 0.465901941061
18400 75 0.0655826 1.0 0.465451955795
18500 75 0.0581399 1.0 0.466002047062
18600 76 0.0662006 1.0 0.465701967478
18700 76 0.0572299 1.0 0.465601980686
18800 77 0.062549 1.0 0.465301930904
18900 77 0.0599601 1.0 0.464901924133
19000 78 0.0778052 1.0 0.465251922607
19100 78 0.0825012 1.0 0.465451925993
19200 78 0.0675854 1.0 0.465601921082
19300 79 0.0639846 1.0 0.465901970863
19400 79 0.0664575 1.0 0.465651929379
19500 80 0.0631647 1.0 0.465851962566
19600 80 0.0623728 1.0 0.466001987457
19700 80 0.0755967 1.0 0.465601950884
19800 81 0.0647625 1.0 0.465601921082
19900 81 0.0623086 1.0 0.465751945972
20000 82 0.0742501 1.0 0.465551912785
20100 82 0.0650611 1.0 0.465501904488
20200 82 0.0707311 1.0 0.465551912785
20300 83 0.0826903 1.0 0.465501904488
20400 83 0.0682674 1.0 0.465701937675
20500 84 0.0710697 1.0 0.465801954269
20600 84 0.0594952 1.0 0.465701937675
20700 85 0.0666111 1.0 0.465851962566
20800 85 0.0630042 1.0 0.465751945972
20900 85 0.0589968 1.0 0.465801924467
21000 86 0.0607191 1.0 0.465801924467
21100 86 0.0725011 1.0 0.465801924467
21200 87 0.061617 1.0 0.46605193615
21300 87 0.0615976 1.0 0.466001957655
21400 87 0.0698377 1.0 0.466001957655
21500 88 0.0685201 1.0 0.466051995754
21600 88 0.063053 1.0 0.465651929379
21700 89 0.0650117 1.0 0.46575191617
21800 89 0.0582245 1.0 0.465851932764
21900 89 0.0644796 1.0 0.465651929379

