100 0 5.77558 0.0 0.0613113716245
200 0 5.90649 0.425781 0.0677125826478
300 1 4.8722 0.144531 0.183555215597
400 1 4.08433 0.121094 0.186255276203
500 2 3.13097 0.160156 0.193006575108
600 2 2.25638 0.160156 0.194456726313
700 2 1.52785 0.226562 0.199207246304
800 3 0.952038 0.25 0.218209177256
900 3 0.823937 0.320312 0.22896027565
1000 4 0.566801 0.375 0.251163899899
1100 4 0.414647 0.484375 0.261765897274
1200 4 0.510033 0.550781 0.298821687698
1300 5 0.331995 0.628906 0.324176609516
1400 5 0.311399 0.679688 0.350532025099
1500 6 0.287285 0.8125 0.378637731075
1600 6 0.248645 0.851562 0.395240187645
1700 6 0.274311 0.902344 0.422546029091
1800 7 0.225185 0.949219 0.424896597862
1900 7 0.212908 0.972656 0.428747534752
2000 8 0.228888 0.988281 0.435948371887
2100 8 0.180657 0.996094 0.43669912219
2200 9 0.223214 1.0 0.439399510622
2300 9 0.171477 0.996094 0.444650530815
2400 9 0.160937 1.0 0.438700973988
2500 10 0.155735 1.0 0.442651033401
2600 10 0.167684 1.0 0.436750501394
2700 11 0.171894 1.0 0.44425073266
2800 11 0.136037 1.0 0.437751173973
2900 11 0.152884 1.0 0.442451447248
3000 12 0.152884 1.0 0.44020101428
3100 12 0.124168 1.0 0.439851075411
3200 13 0.151078 1.0 0.441801428795
3300 13 0.119211 1.0 0.445851325989
3400 13 0.114693 1.0 0.437351047993
3500 14 0.119222 1.0 0.441751629114
3600 14 0.141332 1.0 0.444852143526
3700 15 0.109679 1.0 0.443801760674
3800 15 0.129738 1.0 0.447401940823
3900 16 0.105591 1.0 0.439151793718
4000 16 0.124559 1.0 0.443851351738
4100 16 0.111578 1.0 0.447202265263
4200 17 0.110155 1.0 0.447051376104
4300 17 0.118625 1.0 0.44290214777
4400 18 0.102231 1.0 0.436600983143
4500 18 0.111111 1.0 0.442301928997
4600 18 0.095673 1.0 0.440751761198
4700 19 0.0871118 1.0 0.439800858498
4800 19 0.0934856 1.0 0.441751599312
4900 20 0.0823948 1.0 0.440901190042
5000 20 0.100806 1.0 0.442951500416
5100 20 0.0976029 1.0 0.446651786566
5200 21 0.101916 1.0 0.438051909208
5300 21 0.0895111 1.0 0.44280102849
5400 22 0.108093 1.0 0.447102189064
5500 22 0.0859971 1.0 0.445501506329
5600 22 0.0815638 1.0 0.451152086258
5700 23 0.0888977 1.0 0.446452319622
5800 23 0.0848879 1.0 0.450252115726
5900 24 0.0753313 1.0 0.449052155018
6000 24 0.0771449 1.0 0.447352141142
6100 25 0.0849336 1.0 0.430101960897
6200 25 0.0834742 1.0 0.443501353264
6300 25 0.0879216 1.0 0.443251252174
6400 26 0.0793678 1.0 0.441102027893
6500 26 0.0958998 1.0 0.443701803684
6600 27 0.0724265 1.0 0.443101584911
6700 27 0.0985574 1.0 0.449452489614
6800 27 0.0689966 1.0 0.448202103376
6900 28 0.0907205 1.0 0.449252128601
7000 28 0.0781236 1.0 0.452202111483
7100 29 0.071177 1.0 0.450651973486
7200 29 0.0725764 1.0 0.448101729155
7300 29 0.0742645 1.0 0.450901567936
7400 30 0.0741973 1.0 0.447251260281
7500 30 0.0693469 1.0 0.446901857853
7600 31 0.0708854 1.0 0.449401140213
7700 31 0.0767097 1.0 0.449901461601
7800 32 0.064425 1.0 0.450901567936
7900 32 0.0683971 1.0 0.453151792288
8000 32 0.0624171 1.0 0.450501680374
8100 33 0.0678746 1.0 0.448601186275
8200 33 0.0653362 1.0 0.449101895094
8300 34 0.0668465 1.0 0.451151788235
8400 34 0.0685933 1.0 0.448851406574
8500 34 0.0763993 1.0 0.448501229286
8600 35 0.0668145 1.0 0.45215177536
8700 35 0.0667813 1.0 0.453151583672
8800 36 0.0716174 1.0 0.449851661921
8900 36 0.0733029 1.0 0.451351672411
9000 36 0.0637274 1.0 0.452251553535
9100 37 0.0678585 1.0 0.449601471424
9200 37 0.081464 1.0 0.450401484966
9300 38 0.063124 1.0 0.451251387596
9400 38 0.0651284 1.0 0.450151383877
9500 39 0.0742353 1.0 0.451901614666
9600 39 0.0629184 1.0 0.452201366425
9700 39 0.0676677 1.0 0.452801644802
9800 40 0.0731772 1.0 0.452301591635
9900 40 0.069657 1.0 0.453851699829
10000 41 0.0745457 1.0 0.454751223326
10100 41 0.0636046 1.0 0.454401403666
10200 41 0.0594784 1.0 0.451101362705
10300 42 0.0737269 1.0 0.453251540661
10400 42 0.0756045 1.0 0.452551543713
10500 43 0.0675563 1.0 0.452301561832
10600 43 0.0677909 1.0 0.451401412487
10700 43 0.0652111 1.0 0.452751547098
10800 44 0.0591975 1.0 0.45310151577
10900 44 0.0661909 1.0 0.45320135355
11000 45 0.0615787 1.0 0.45370143652
11100 45 0.0563965 1.0 0.453151345253
11200 45 0.0645186 1.0 0.45365139842
11300 46 0.0654029 1.0 0.453451097012
11400 46 0.0550946 1.0 0.454051315784
11500 47 0.061508 1.0 0.453801333904
11600 47 0.0777884 1.0 0.452851235867
11700 48 0.0612895 1.0 0.453551292419
11800 48 0.0664096 1.0 0.453851372004
11900 48 0.0726614 1.0 0.453251242638
12000 49 0.0588836 1.0 0.453851372004
12100 49 0.0710469 1.0 0.45305120945
12200 50 0.0577236 1.0 0.455451250076
12300 50 0.0631484 1.0 0.45305120945
12400 50 0.058782 1.0 0.453751415014
12500 51 0.0601246 1.0 0.455301403999
12600 51 0.0653445 1.0 0.454801380634
12700 52 0.0621053 1.0 0.455351352692
12800 52 0.0606089 1.0 0.455101281404
12900 52 0.0593732 1.0 0.454401165247
13000 53 0.0591033 1.0 0.454651206732
13100 53 0.0697927 1.0 0.45445138216
13200 54 0.0634752 1.0 0.454051405191
13300 54 0.0638172 1.0 0.453851372004
13400 55 0.0613898 1.0 0.454801440239
13500 55 0.0631714 1.0 0.453801304102
13600 55 0.0545807 1.0 0.454601317644
13700 56 0.0556812 1.0 0.453901231289
13800 56 0.0604278 1.0 0.454201251268
13900 57 0.0655048 1.0 0.454851418734
14000 57 0.0615939 1.0 0.455351412296
14100 57 0.0641555 1.0 0.454901337624
14200 58 0.069967 1.0 0.455351382494
14300 58 0.0659826 1.0 0.453801214695
14400 59 0.0604231 1.0 0.454701215029
14500 59 0.0640832 1.0 0.454651117325
14600 59 0.0635539 1.0 0.454901337624
14700 60 0.0596366 1.0 0.454651236534
14800 60 0.0796133 1.0 0.455251276493
14900 61 0.0639088 1.0 0.455451250076
15000 61 0.0616802 1.0 0.45490115881
15100 62 0.0639927 1.0 0.455201208591
15200 62 0.0684743 1.0 0.455001175404
15300 62 0.0653315 1.0 0.455301225185
15400 63 0.0547557 1.0 0.455451279879
15500 63 0.0566184 1.0 0.455051273108
15600 64 0.0622503 1.0 0.455201268196
15700 64 0.074465 1.0 0.455201148987
15800 64 0.0558272 1.0 0.455401241779
15900 65 0.0646563 1.0 0.455701321363
16000 65 0.0551484 1.0 0.454951196909
16100 66 0.0573039 1.0 0.455701291561
16200 66 0.0567536 1.0 0.454951286316
16300 66 0.0675227 1.0 0.455401301384
16400 67 0.0576746 1.0 0.455151200294
16500 67 0.0603314 1.0 0.45530128479
16600 68 0.0578104 1.0 0.455451309681
16700 68 0.0596182 1.0 0.455451309681
16800 68 0.0611426 1.0 0.455301254988
16900 69 0.0645796 1.0 0.454951226711
17000 69 0.0619896 1.0 0.455751299858
17100 70 0.0656244 1.0 0.455451309681
17200 70 0.0637734 1.0 0.455351263285
17300 71 0.0659313 1.0 0.455251276493
17400 71 0.0628906 1.0 0.455401301384
17500 71 0.07754 1.0 0.455151289701
17600 72 0.0580327 1.0 0.455351233482
17700 72 0.0621699 1.0 0.455301225185
17800 73 0.0632566 1.0 0.455401301384
17900 73 0.0638334 1.0 0.455601245165
18000 73 0.0591799 1.0 0.455651283264
18100 74 0.0518597 1.0 0.455251246691
18200 74 0.0572977 1.0 0.45560130477
18300 75 0.0576274 1.0 0.455701321363
18400 75 0.068916 1.0 0.455101191998
18500 75 0.0668248 1.0 0.455651283264
18600 76 0.0593263 1.0 0.455401301384
18700 76 0.0659413 1.0 0.4551012218
18800 77 0.0622848 1.0 0.455101251602
18900 77 0.0614319 1.0 0.455401360989
19000 78 0.0588512 1.0 0.454951226711
19100 78 0.0557851 1.0 0.454951226711
19200 78 0.0723199 1.0 0.455601274967
19300 79 0.0570377 1.0 0.455101251602
19400 79 0.0676522 1.0 0.455651313066
19500 80 0.0626235 1.0 0.455651283264
19600 80 0.0657519 1.0 0.455651283264
19700 80 0.0574517 1.0 0.455451250076
19800 81 0.0593035 1.0 0.455351263285
19900 81 0.0679311 1.0 0.455451250076
20000 82 0.0628989 1.0 0.455401241779
20100 82 0.0631797 1.0 0.45560130477
20200 82 0.0649765 1.0 0.455301225185
20300 83 0.065749 1.0 0.455501258373
20400 83 0.0721905 1.0 0.455401241779
20500 84 0.0637035 1.0 0.455401241779
20600 84 0.0571417 1.0 0.455301254988
20700 85 0.0724067 1.0 0.455301225185
20800 85 0.0536399 1.0 0.455351233482
20900 85 0.0752677 1.0 0.455501258373
21000 86 0.0641068 1.0 0.455351233482
21100 86 0.0598324 1.0 0.455351233482
21200 87 0.0597232 1.0 0.455051213503
21300 87 0.0599858 1.0 0.455151200294
21400 87 0.0578868 1.0 0.455251216888
21500 88 0.0660954 1.0 0.455001205206
21600 88 0.0588364 1.0 0.455151230097
21700 89 0.0610756 1.0 0.455351233482
21800 89 0.0563309 1.0 0.455501258373
21900 89 0.0651027 1.0 0.455451250076

