100 0 0.995875 0.679688 0.6689
200 0 0.854711 0.800781 0.7971
300 1 0.705511 0.804688 0.80225
400 1 0.738026 0.863281 0.86
500 2 0.564576 0.914062 0.88285
600 2 0.555064 0.902344 0.8775
700 2 0.543014 0.910156 0.8828
800 3 0.408619 0.9375 0.8955
900 3 0.494671 0.949219 0.9033
1000 4 0.413425 0.929688 0.9032
1100 4 0.485862 0.949219 0.90565
1200 5 0.313644 0.945312 0.90695
1300 5 0.359526 0.953125 0.91605
1400 5 0.237617 0.984375 0.90835
1500 6 0.209062 0.964844 0.90535
1600 6 0.25614 0.96875 0.90535
1700 7 0.185973 0.992188 0.9216
1800 7 0.203364 0.96875 0.91125
1900 8 0.198026 0.964844 0.90805
2000 8 0.175023 0.972656 0.9081
2100 8 0.157878 0.992188 0.912
2200 9 0.152025 1.0 0.91015
2300 9 0.159741 0.984375 0.92245
2400 10 0.121052 0.996094 0.9173
2500 10 0.126119 0.996094 0.92235
2600 11 0.110132 0.996094 0.91965
2700 11 0.101381 0.996094 0.92415
2800 11 0.136914 1.0 0.92165
2900 12 0.112398 0.996094 0.9184
3000 12 0.103026 0.988281 0.9206
3100 13 0.086379 1.0 0.9216
3200 13 0.0994169 0.992188 0.91575
3300 14 0.101994 1.0 0.92135
3400 14 0.0795918 1.0 0.9193
3500 14 0.0983007 0.996094 0.9277
3600 15 0.0989482 1.0 0.92095
3700 15 0.0811699 1.0 0.92345
3800 16 0.0855446 1.0 0.92495
3900 16 0.077212 1.0 0.92665
4000 17 0.0694004 1.0 0.92065
4100 17 0.0719899 1.0 0.924
4200 17 0.0747824 1.0 0.92445
4300 18 0.070351 1.0 0.927
4400 18 0.0718981 0.996094 0.9249
4500 19 0.0886998 1.0 0.92675
4600 19 0.0776463 1.0 0.9255
4700 20 0.0667519 1.0 0.92455
4800 20 0.0647247 0.992188 0.92215
4900 20 0.0681563 1.0 0.92625
5000 21 0.0642286 1.0 0.92865
5100 21 0.0620353 1.0 0.9276
5200 22 0.0602872 1.0 0.92565
5300 22 0.0624233 1.0 0.92425
5400 23 0.0556584 1.0 0.9212
5500 23 0.0611983 1.0 0.9257
5600 23 0.0547127 1.0 0.92535
5700 24 0.0600614 1.0 0.9224
5800 24 0.0530923 1.0 0.92915
5900 25 0.0581897 1.0 0.9249
6000 25 0.0528612 1.0 0.929
6100 26 0.0538364 1.0 0.92915
6200 26 0.0573979 1.0 0.92865
6300 26 0.0509324 1.0 0.92915
6400 27 0.050071 1.0 0.9272
6500 27 0.0495937 1.0 0.9299
6600 28 0.0550316 1.0 0.9276
6700 28 0.0486094 1.0 0.92975
6800 29 0.0501984 1.0 0.92945
6900 29 0.0488668 1.0 0.92955
7000 29 0.0561128 1.0 0.9298
7100 30 0.0531437 1.0 0.929
7200 30 0.0453445 1.0 0.93005
7300 31 0.047351 1.0 0.93015
7400 31 0.0451676 1.0 0.93
7500 31 0.0457217 1.0 0.9287
7600 32 0.0464968 1.0 0.9305
7700 32 0.0487983 1.0 0.92615
7800 33 0.0459418 1.0 0.92975
7900 33 0.0463483 1.0 0.93075
8000 34 0.0459309 1.0 0.92915
8100 34 0.0459247 1.0 0.93025
8200 34 0.0428083 1.0 0.9285
8300 35 0.046301 1.0 0.9301
8400 35 0.0418248 1.0 0.9304
8500 36 0.0415905 1.0 0.9308
8600 36 0.0533794 1.0 0.93065
8700 37 0.041552 1.0 0.92935
8800 37 0.0411815 1.0 0.93025
8900 37 0.0427578 1.0 0.9303
9000 38 0.0442968 1.0 0.9306
9100 38 0.0422856 1.0 0.9298
9200 39 0.0492183 1.0 0.93015
9300 39 0.041171 1.0 0.93045
9400 40 0.0403813 1.0 0.9319
9500 40 0.0469458 1.0 0.93
9600 40 0.0393543 1.0 0.9311
9700 41 0.0488703 1.0 0.93165
9800 41 0.0443713 1.0 0.93185
9900 42 0.0451662 1.0 0.93195
10000 42 0.0416936 1.0 0.932
10100 43 0.0403001 1.0 0.9314
10200 43 0.0395274 1.0 0.9309
10300 43 0.0409898 1.0 0.93115
10400 44 0.0396856 1.0 0.93175
10500 44 0.0430019 1.0 0.93185
10600 45 0.0439774 1.0 0.9317
10700 45 0.0414064 1.0 0.93155
10800 46 0.0428206 1.0 0.93115
10900 46 0.0427195 1.0 0.93135
11000 46 0.0395588 1.0 0.9321
11100 47 0.0389292 1.0 0.93105
11200 47 0.0431999 1.0 0.9321
11300 48 0.0426287 1.0 0.9319
11400 48 0.0380636 1.0 0.9318
11500 49 0.049879 1.0 0.93165
11600 49 0.0379728 1.0 0.93225
11700 49 0.0400099 1.0 0.932
11800 50 0.0374624 1.0 0.9318
11900 50 0.0371716 1.0 0.9318
12000 51 0.0429095 1.0 0.93225
12100 51 0.041808 1.0 0.9321
12200 52 0.04167 1.0 0.93175
12300 52 0.0409084 1.0 0.93235
12400 52 0.0443326 1.0 0.9317
12500 53 0.040079 1.0 0.93175
12600 53 0.0406036 1.0 0.93165
12700 54 0.0382806 1.0 0.93145
12800 54 0.0414569 1.0 0.9323
12900 55 0.0388492 1.0 0.9323
13000 55 0.0406088 1.0 0.9321
13100 55 0.0395816 1.0 0.9318
13200 56 0.0397678 1.0 0.9324
13300 56 0.0367676 1.0 0.93215
13400 57 0.0402362 1.0 0.93255
13500 57 0.0407659 1.0 0.93225
13600 58 0.0401673 1.0 0.93245
13700 58 0.041902 1.0 0.93235
13800 58 0.0384721 1.0 0.9324
13900 59 0.0381788 1.0 0.93185
14000 59 0.0435412 1.0 0.9323
14100 60 0.0388074 1.0 0.93215
