100 0 0.986918 0.425781 0.4655
200 0 0.862244 0.660156 0.6546
300 1 0.800993 0.707031 0.69775
400 1 0.670304 0.832031 0.811
500 2 0.529884 0.851562 0.8345
600 2 0.588469 0.859375 0.8424
700 2 0.600069 0.863281 0.86465
800 3 0.444632 0.953125 0.8817
900 3 0.450427 0.894531 0.8849
1000 4 0.538451 0.851562 0.88815
1100 4 0.43653 0.941406 0.9124
1200 5 0.288619 0.980469 0.9113
1300 5 0.270948 0.964844 0.91245
1400 5 0.345722 0.945312 0.9083
1500 6 0.257186 0.976562 0.91515
1600 6 0.221842 0.980469 0.91535
1700 7 0.234017 0.964844 0.91165
1800 7 0.228915 0.964844 0.9142
1900 8 0.181108 0.972656 0.9061
2000 8 0.159882 0.976562 0.9082
2100 8 0.170754 0.992188 0.91445
2200 9 0.138658 0.988281 0.92025
2300 9 0.221853 0.980469 0.91735
2400 10 0.160977 0.992188 0.909
2500 10 0.138869 0.988281 0.9106
2600 11 0.126739 0.996094 0.9201
2700 11 0.121501 0.984375 0.90505
2800 11 0.137821 0.925781 0.87165
2900 12 0.115336 0.996094 0.90835
3000 12 0.117975 0.996094 0.91435
3100 13 0.105198 0.984375 0.9071
3200 13 0.122116 1.0 0.9214
3300 14 0.107393 1.0 0.9067
3400 14 0.0886504 0.996094 0.91525
3500 14 0.0832002 0.992188 0.9142
3600 15 0.0923605 0.996094 0.90755
3700 15 0.0913588 1.0 0.9192
3800 16 0.0779562 1.0 0.9231
3900 16 0.0758149 1.0 0.9245
4000 17 0.0776386 1.0 0.9249
4100 17 0.0746996 1.0 0.92005
4200 17 0.0806663 1.0 0.9258
4300 18 0.0780867 0.996094 0.92125
4400 18 0.070282 1.0 0.9248
4500 19 0.0684306 1.0 0.9283
4600 19 0.0748549 1.0 0.92695
4700 20 0.0629317 1.0 0.9281
4800 20 0.069759 1.0 0.92485
4900 20 0.065942 1.0 0.9235
5000 21 0.0591323 1.0 0.92715
5100 21 0.0694853 1.0 0.92715
5200 22 0.0750277 1.0 0.9275
5300 22 0.0637994 1.0 0.9282
5400 23 0.0582675 1.0 0.92865
5500 23 0.0687849 1.0 0.92845
5600 23 0.0638556 1.0 0.9292
5700 24 0.0556815 1.0 0.9254
5800 24 0.0537102 1.0 0.92805
5900 25 0.0626426 1.0 0.9259
6000 25 0.0528352 1.0 0.9289
6100 26 0.0554659 1.0 0.928
6200 26 0.0573408 1.0 0.9301
6300 26 0.0521338 1.0 0.92865
6400 27 0.0548422 1.0 0.9291
6500 27 0.0522166 1.0 0.92935
6600 28 0.0544504 1.0 0.9291
6700 28 0.0517387 1.0 0.9311
6800 29 0.0496136 1.0 0.93005
6900 29 0.0484384 1.0 0.9309
7000 29 0.0547742 1.0 0.93065
7100 30 0.0506123 1.0 0.92945
7200 30 0.0507499 1.0 0.9302
7300 31 0.0538539 1.0 0.93095
7400 31 0.0487616 1.0 0.9317
7500 31 0.0550497 1.0 0.9317
7600 32 0.0476842 1.0 0.9307
7700 32 0.0476573 1.0 0.93035
7800 33 0.047762 1.0 0.9312
7900 33 0.0492929 1.0 0.9321
8000 34 0.0445472 1.0 0.9323
8100 34 0.0485167 1.0 0.92815
8200 34 0.0436102 1.0 0.92975
8300 35 0.0432775 1.0 0.9323
8400 35 0.0434178 1.0 0.93075
8500 36 0.0442845 1.0 0.93035
8600 36 0.0437395 1.0 0.9298
8700 37 0.0419897 1.0 0.93075
8800 37 0.041648 1.0 0.931
8900 37 0.0421297 1.0 0.93245
9000 38 0.0471511 1.0 0.9321
9100 38 0.0419952 1.0 0.932
9200 39 0.0421696 1.0 0.9319
9300 39 0.0448559 1.0 0.9322
9400 40 0.049859 1.0 0.9317
9500 40 0.0462514 1.0 0.93215
9600 40 0.0440847 1.0 0.93165
9700 41 0.0422454 1.0 0.93205
9800 41 0.0437128 1.0 0.93255
9900 42 0.0423554 1.0 0.9329
10000 42 0.0418325 1.0 0.932
10100 43 0.04461 1.0 0.9316
10200 43 0.0415078 1.0 0.93225
10300 43 0.0426581 1.0 0.9323
10400 44 0.0423221 1.0 0.9329
10500 44 0.0424912 1.0 0.9324
10600 45 0.0450622 1.0 0.93235
10700 45 0.0472423 1.0 0.9329
10800 46 0.0434602 1.0 0.93265
10900 46 0.0501771 1.0 0.93345
11000 46 0.043966 1.0 0.933
11100 47 0.0400227 1.0 0.9333
11200 47 0.039453 1.0 0.93295
11300 48 0.051984 1.0 0.93255
11400 48 0.0384481 1.0 0.9332
11500 49 0.0413679 1.0 0.933
11600 49 0.040425 1.0 0.93295
11700 49 0.0409996 1.0 0.93325
11800 50 0.0399439 1.0 0.9333
11900 50 0.0510678 1.0 0.93265
12000 51 0.0398 1.0 0.9326
12100 51 0.0416005 1.0 0.93275
12200 52 0.0417933 1.0 0.93305
12300 52 0.041942 1.0 0.933
12400 52 0.0393793 1.0 0.93325
12500 53 0.0461823 1.0 0.93335
12600 53 0.0471434 1.0 0.9332
12700 54 0.0407087 1.0 0.93305
12800 54 0.0416181 1.0 0.93325
12900 55 0.0392382 1.0 0.93345
13000 55 0.0413696 1.0 0.9332
13100 55 0.0386237 1.0 0.9334
13200 56 0.0398059 1.0 0.93345
13300 56 0.04061 1.0 0.9337
13400 57 0.0384598 1.0 0.93315
13500 57 0.0393285 1.0 0.93345
13600 58 0.0381086 1.0 0.93345
13700 58 0.0391571 1.0 0.933
13800 58 0.0412623 1.0 0.93315
13900 59 0.0428542 1.0 0.9332
14000 59 0.0380021 1.0 0.9331
14100 60 0.0383677 1.0 0.9331

