100 0 1.019515 0.53515625 0.5462
200 0 0.93715227 0.7109375 0.7131
300 1 0.6954258 0.74609375 0.7561
400 1 0.65828925 0.79296875 0.77605
500 2 0.55813634 0.8359375 0.80359995
600 2 0.48945257 0.859375 0.8346
700 2 0.484128 0.859375 0.8413
800 3 0.50317425 0.921875 0.88775
900 3 0.4042576 0.96484375 0.8987
1000 4 0.47078547 0.91796875 0.90255
1100 4 0.34569 0.9296875 0.89525
1200 5 0.2459036 0.97265625 0.89890003
1300 5 0.24510014 0.984375 0.9091
1400 5 0.2635774 0.98046875 0.9113
1500 6 0.2537977 0.984375 0.91695
1600 6 0.30215257 0.96875 0.90495
1700 7 0.23272377 0.97265625 0.90795
1800 7 0.19772282 0.9921875 0.90765
1900 8 0.16388027 0.99609375 0.91345
2000 8 0.19137388 0.9921875 0.9142
2100 8 0.14194626 0.98828125 0.9141
2200 9 0.12931752 0.99609375 0.90975
2300 9 0.13207251 1.0 0.916
2400 10 0.13897702 0.99609375 0.9168
2500 10 0.11270347 0.9921875 0.91705
2600 11 0.08928104 1.0 0.9191
2700 11 0.11398949 1.0 0.9197
2800 11 0.1105753 1.0 0.9196
2900 12 0.11003631 0.99609375 0.9179
3000 12 0.09417713 1.0 0.92135
3100 13 0.08197917 1.0 0.9185
3200 13 0.106787324 1.0 0.9187
3300 14 0.08944605 1.0 0.91735
3400 14 0.0770044 1.0 0.92045
3500 14 0.070487164 1.0 0.92025
3600 15 0.08687763 1.0 0.9212
3700 15 0.06826648 1.0 0.921
3800 16 0.078666024 1.0 0.9204
3900 16 0.06707456 1.0 0.9206
4000 17 0.06216099 1.0 0.92225003
4100 17 0.07209289 1.0 0.9217
4200 17 0.06496109 1.0 0.9229
4300 18 0.072886065 1.0 0.91999996
4400 18 0.061931785 1.0 0.92215
4500 19 0.05726055 1.0 0.92405
4600 19 0.06575379 1.0 0.92285
4700 20 0.06587285 1.0 0.92335
4800 20 0.05977741 1.0 0.92335
4900 20 0.05527692 1.0 0.92345
5000 21 0.05282859 1.0 0.92415
5100 21 0.054129913 1.0 0.92195
5200 22 0.055324525 1.0 0.9227
5300 22 0.061006997 1.0 0.9225
5400 23 0.051325906 1.0 0.92335
5500 23 0.052678674 1.0 0.923
5600 23 0.052336976 1.0 0.92244995
5700 24 0.050806798 1.0 0.9237
5800 24 0.05470184 1.0 0.923
5900 25 0.048350833 1.0 0.9229
6000 25 0.06334015 1.0 0.92355
6100 26 0.047561824 1.0 0.92365
6200 26 0.051447786 1.0 0.92429996
6300 26 0.05179012 1.0 0.92375004
6400 27 0.05276593 1.0 0.92435
6500 27 0.044188634 1.0 0.9232
6600 28 0.05140396 1.0 0.92415
6700 28 0.06005019 1.0 0.92405
6800 29 0.04729244 1.0 0.92260003
6900 29 0.04624717 1.0 0.92385
7000 29 0.046309434 1.0 0.92410004
7100 30 0.047509618 1.0 0.92324996
7200 30 0.042152263 1.0 0.92465
7300 31 0.041523628 1.0 0.923
7400 31 0.043105215 1.0 0.92445
7500 31 0.042818222 1.0 0.92515004
7600 32 0.045519434 1.0 0.9243
7700 32 0.046463557 1.0 0.92445004
7800 33 0.04259356 1.0 0.92429996
7900 33 0.042326614 1.0 0.92385
8000 34 0.04094789 1.0 0.92495
8100 34 0.04692638 1.0 0.9248
8200 34 0.040371496 1.0 0.92465
8300 35 0.040572785 1.0 0.92435
8400 35 0.041920956 1.0 0.9244
8500 36 0.040685043 1.0 0.9243
8600 36 0.043301404 1.0 0.92455
8700 37 0.04418771 1.0 0.92445004
8800 37 0.044220183 1.0 0.92509997
8900 37 0.0421224 1.0 0.9246
9000 38 0.04012386 1.0 0.92485
9100 38 0.04021769 1.0 0.924
9200 39 0.037982002 1.0 0.9248
9300 39 0.04139849 1.0 0.92499995
9400 40 0.045625195 1.0 0.92480004
9500 40 0.04277277 1.0 0.92505
9600 40 0.041428562 1.0 0.92495
9700 41 0.041267753 1.0 0.925
9800 41 0.040245328 1.0 0.92455
9900 42 0.04002542 1.0 0.92575
10000 42 0.039520804 1.0 0.9246
10100 43 0.037975952 1.0 0.92509997
10200 43 0.038847603 1.0 0.92485
10300 43 0.03999183 1.0 0.9249
10400 44 0.036720086 1.0 0.9249
10500 44 0.044473253 1.0 0.92509997
10600 45 0.037836976 1.0 0.92509997
10700 45 0.038322423 1.0 0.92544997
10800 46 0.039448187 1.0 0.9253
10900 46 0.040012483 1.0 0.92535
11000 46 0.037421335 1.0 0.925
11100 47 0.039368864 1.0 0.9252
11200 47 0.039331198 1.0 0.92544997
11300 48 0.044547666 1.0 0.92525
11400 48 0.03980302 1.0 0.925
11500 49 0.0388631 1.0 0.92544997
11600 49 0.03897799 1.0 0.9254
11700 49 0.03861031 1.0 0.9252
11800 50 0.03577574 1.0 0.92499995
11900 50 0.03714986 1.0 0.92515004
12000 51 0.03746379 1.0 0.9252
12100 51 0.04109397 1.0 0.92555
12200 52 0.03806418 1.0 0.9255
12300 52 0.038614523 1.0 0.92509997
12400 52 0.037596747 1.0 0.92505
12500 53 0.03985288 1.0 0.92525005
12600 53 0.036699597 1.0 0.9253
12700 54 0.04100841 1.0 0.9257
12800 54 0.03526099 1.0 0.92565
12900 55 0.03820548 1.0 0.9254
13000 55 0.036565714 1.0 0.92560005
13100 55 0.03646002 1.0 0.92560005
13200 56 0.036662295 1.0 0.9252
13300 56 0.03762306 1.0 0.92534995
13400 57 0.036879696 1.0 0.92555
13500 57 0.037347175 1.0 0.92544997
13600 58 0.03898895 1.0 0.92555
13700 58 0.036227867 1.0 0.92565
13800 58 0.036061738 1.0 0.92515004
13900 59 0.035575934 1.0 0.92525005
14000 59 0.03804968 1.0 0.9252
14100 60 0.03757699 1.0 0.9257

