100 0 0.98327863 0.44921875 0.49850002
200 0 0.8725779 0.76953125 0.75874996
300 1 0.71322274 0.79296875 0.78365004
400 1 0.62920165 0.84375 0.82694995
500 2 0.51934093 0.8984375 0.862
600 2 0.5476984 0.90234375 0.87380004
700 2 0.45826995 0.9140625 0.87235
800 3 0.4685388 0.94140625 0.90415
900 3 0.48764783 0.93359375 0.90545
1000 4 0.34503013 0.95703125 0.911
1100 4 0.4556029 0.93359375 0.8963
1200 5 0.32261878 0.96484375 0.90250003
1300 5 0.36136732 0.94921875 0.91445
1400 5 0.26754743 0.9765625 0.91400003
1500 6 0.24017915 0.9921875 0.9153
1600 6 0.24768163 0.984375 0.9037
1700 7 0.20868848 0.94921875 0.8948
1800 7 0.18327968 0.984375 0.91695
1900 8 0.15761901 0.984375 0.91985
2000 8 0.18808267 0.9609375 0.88815
2100 8 0.15172204 0.97265625 0.8997
2200 9 0.13929953 0.98828125 0.92015
2300 9 0.15499076 0.98046875 0.91445
2400 10 0.14083798 1.0 0.91865003
2500 10 0.13753738 0.98828125 0.90985
2600 11 0.1150183 1.0 0.9203
2700 11 0.11005679 0.984375 0.90925
2800 11 0.12927453 0.96875 0.89955
2900 12 0.117067814 0.99609375 0.9196
3000 12 0.13753703 1.0 0.91445005
3100 13 0.10310808 0.99609375 0.91835
3200 13 0.08568573 0.99609375 0.91059995
3300 14 0.0849396 0.9921875 0.92069995
3400 14 0.08854965 1.0 0.92295
3500 14 0.08737585 0.99609375 0.91655004
3600 15 0.08904246 0.99609375 0.9216
3700 15 0.07899769 0.99609375 0.9204
3800 16 0.07303382 1.0 0.924
3900 16 0.085152544 0.99609375 0.9261
4000 17 0.075346 1.0 0.92135
4100 17 0.076652765 1.0 0.91845
4200 17 0.08454812 1.0 0.91975
4300 18 0.07061903 1.0 0.92605
4400 18 0.06412129 1.0 0.9244
4500 19 0.06607822 1.0 0.92735004
4600 19 0.06322732 1.0 0.92550004
4700 20 0.060839996 1.0 0.92775
4800 20 0.06415674 1.0 0.92845
4900 20 0.06888002 1.0 0.92579997
5000 21 0.06690262 1.0 0.92925
5100 21 0.07560344 1.0 0.92895
5200 22 0.05675417 1.0 0.93055
5300 22 0.06039101 1.0 0.93050003
5400 23 0.05397605 1.0 0.9292
5500 23 0.055735968 1.0 0.9286
5600 23 0.059789367 1.0 0.9289
5700 24 0.056783453 1.0 0.928
5800 24 0.06084676 1.0 0.9307
5900 25 0.054771602 1.0 0.92785
6000 25 0.0548017 1.0 0.93015003
6100 26 0.048040077 1.0 0.93050003
6200 26 0.05139043 1.0 0.9295
6300 26 0.05041229 1.0 0.93085
6400 27 0.056553416 1.0 0.9306
6500 27 0.052787416 1.0 0.93009996
6600 28 0.05322456 1.0 0.9317
6700 28 0.04871835 1.0 0.93114996
6800 29 0.049471535 1.0 0.929
6900 29 0.045881137 1.0 0.9311
7000 29 0.0485434 1.0 0.9322
7100 30 0.048959102 1.0 0.9321
7200 30 0.044764176 1.0 0.93225
7300 31 0.049288116 1.0 0.93270004
7400 31 0.044298947 1.0 0.9324
7500 31 0.052691 1.0 0.93155
7600 32 0.044976283 1.0 0.93315
7700 32 0.046341762 1.0 0.93340003
7800 33 0.048731513 1.0 0.9327
7900 33 0.04568415 1.0 0.93245
8000 34 0.046267204 1.0 0.93334997
8100 34 0.046747252 1.0 0.9336
8200 34 0.043290317 1.0 0.93334997
8300 35 0.04188504 1.0 0.932
8400 35 0.04212352 1.0 0.93369997
8500 36 0.042822488 1.0 0.93275
8600 36 0.0440363 1.0 0.93285
8700 37 0.043177642 1.0 0.93340003
8800 37 0.04795549 1.0 0.93340003
8900 37 0.040013272 1.0 0.9333
9000 38 0.040496238 1.0 0.93285
9100 38 0.04261574 1.0 0.9329
9200 39 0.04069378 1.0 0.93369997
9300 39 0.040538 1.0 0.93235
9400 40 0.042271465 1.0 0.93385005
9500 40 0.040856037 1.0 0.93420005
9600 40 0.0407003 1.0 0.93385
9700 41 0.038473364 1.0 0.9338
9800 41 0.050172724 1.0 0.9335
9900 42 0.044102143 1.0 0.93345
10000 42 0.046185467 1.0 0.93355
10100 43 0.03865529 1.0 0.93385
10200 43 0.0402901 1.0 0.93395
10300 43 0.037715457 1.0 0.93334997
10400 44 0.037603293 1.0 0.9339
10500 44 0.038533054 1.0 0.93410003
10600 45 0.037294865 1.0 0.93385
10700 45 0.04047993 1.0 0.934
10800 46 0.039487854 1.0 0.93435
10900 46 0.043151006 1.0 0.93445003
11000 46 0.04194507 1.0 0.9345
11100 47 0.03871008 1.0 0.93404996
11200 47 0.0367071 1.0 0.93439996
11300 48 0.038261965 1.0 0.934
11400 48 0.036996175 1.0 0.93425
11500 49 0.041715525 1.0 0.93365
11600 49 0.039786138 1.0 0.93425
11700 49 0.042596225 1.0 0.93445003
11800 50 0.04104088 1.0 0.93415
11900 50 0.039606445 1.0 0.93415
12000 51 0.041499004 1.0 0.93474996
12100 51 0.036035433 1.0 0.9348
12200 52 0.035677746 1.0 0.93474996
12300 52 0.042006068 1.0 0.93455
12400 52 0.036977027 1.0 0.93415
12500 53 0.040382028 1.0 0.93420005
12600 53 0.035496287 1.0 0.9345
12700 54 0.036194295 1.0 0.93435
12800 54 0.039754175 1.0 0.93465
12900 55 0.035252586 1.0 0.9345
13000 55 0.038235873 1.0 0.9348
13100 55 0.036715396 1.0 0.93465
13200 56 0.04632561 1.0 0.93474996
13300 56 0.035440855 1.0 0.9347
13400 57 0.0401994 1.0 0.9348
13500 57 0.036596593 1.0 0.9347
13600 58 0.040718004 1.0 0.93495
13700 58 0.04260494 1.0 0.9346
13800 58 0.039028134 1.0 0.9346
13900 59 0.03648928 1.0 0.93474996
14000 59 0.03687534 1.0 0.93490005
14100 60 0.037809514 1.0 0.93465
