100 0 1.03035 0.585938 0.6077
200 0 0.959918 0.652344 0.66255
300 1 0.779764 0.796875 0.8075
400 1 0.759377 0.835938 0.79555
500 2 0.641103 0.78125 0.71515
600 2 0.488432 0.828125 0.7871
700 2 0.619782 0.636719 0.6318
800 3 0.592831 0.554688 0.5908
900 3 0.510839 0.867188 0.8048
1000 4 0.479033 0.882812 0.797
1100 4 0.556715 0.890625 0.88755
1200 5 0.363477 0.925781 0.8792
1300 5 0.495685 0.925781 0.9092
1400 5 0.414267 0.949219 0.90775
1500 6 0.314912 0.9375 0.90875
1600 6 0.349984 0.945312 0.88975
1700 7 0.242983 0.976562 0.9121
1800 7 0.25265 0.976562 0.91265
1900 8 0.217586 0.972656 0.9169
2000 8 0.231736 0.964844 0.9145
2100 8 0.337889 0.902344 0.87705
2200 9 0.31145 0.957031 0.9166
2300 9 0.267012 0.96875 0.90245
2400 10 0.190386 0.96875 0.9205
2500 10 0.153764 0.992188 0.9205
2600 11 0.140288 0.984375 0.91175
2700 11 0.137301 0.976562 0.9154
2800 11 0.2313 0.984375 0.92345
2900 12 0.292612 0.992188 0.91755
3000 12 0.119729 0.980469 0.9144
3100 13 0.148672 0.988281 0.9179
3200 13 0.118951 0.945312 0.91475
3300 14 0.074137 1.0 0.91955
3400 14 0.0822492 0.984375 0.90685
3500 14 0.156854 1.0 0.9173
3600 15 0.0908922 0.992188 0.91085
3700 15 0.0910341 0.988281 0.91405
3800 16 0.165808 0.992188 0.912
3900 16 0.0791103 1.0 0.9202
4000 17 0.122176 0.992188 0.91925
4100 17 0.0742966 1.0 0.9204
4200 17 0.0628426 1.0 0.9243
4300 18 0.0682868 1.0 0.925
4400 18 0.0966306 1.0 0.9261
4500 19 0.0556139 0.992188 0.9208
4600 19 0.0670715 0.992188 0.9234
4700 20 0.0982738 1.0 0.9256
4800 20 0.0806187 0.996094 0.92585
4900 20 0.055862 1.0 0.9269
5000 21 0.0481855 1.0 0.92575
5100 21 0.0423001 1.0 0.9281
5200 22 0.075999 1.0 0.92235
5300 22 0.0471019 1.0 0.92835
5400 23 0.0411962 1.0 0.9263
5500 23 0.0587883 0.996094 0.92595
5600 23 0.0422825 1.0 0.9279
5700 24 0.0480881 1.0 0.9273
5800 24 0.0515112 0.96875 0.9067
5900 25 0.0363434 1.0 0.9249
6000 25 0.0422854 1.0 0.92585
6100 26 0.0344922 1.0 0.92735
6200 26 0.035783 1.0 0.9285
6300 26 0.0351517 1.0 0.92825
6400 27 0.0365882 1.0 0.92805
6500 27 0.0337661 1.0 0.9286
6600 28 0.0312366 1.0 0.9293
6700 28 0.031995 1.0 0.9293
6800 29 0.0326643 1.0 0.92925
6900 29 0.0334127 1.0 0.92855
7000 29 0.0330409 1.0 0.92905
7100 30 0.0344528 1.0 0.92835
7200 30 0.0316856 1.0 0.92895
7300 31 0.0333635 1.0 0.9276
7400 31 0.0324363 1.0 0.9278
7500 31 0.0294437 1.0 0.92755
7600 32 0.031506 1.0 0.92765
7700 32 0.034127 1.0 0.9286
7800 33 0.0307268 1.0 0.9273
7900 33 0.0287816 1.0 0.92665
8000 34 0.0271208 1.0 0.92765
8100 34 0.0264512 1.0 0.9285
8200 34 0.0353972 1.0 0.9281
8300 35 0.0282866 1.0 0.92815
8400 35 0.0285077 1.0 0.9286
8500 36 0.0363833 1.0 0.92805
8600 36 0.0274201 1.0 0.92805
8700 37 0.0255554 1.0 0.9287
8800 37 0.0302034 1.0 0.9289
8900 37 0.0260047 1.0 0.92885
9000 38 0.025849 1.0 0.92825
9100 38 0.0264488 1.0 0.92915
9200 39 0.0273812 1.0 0.92885
9300 39 0.0257494 1.0 0.92885
9400 40 0.0266557 1.0 0.9294
9500 40 0.0272696 1.0 0.9291
9600 40 0.0264634 1.0 0.9286
9700 41 0.0255564 1.0 0.92875
9800 41 0.0277124 1.0 0.92915
9900 42 0.0349506 1.0 0.92875
10000 42 0.0270357 1.0 0.92905
10100 43 0.0257293 1.0 0.92915
10200 43 0.0235271 1.0 0.9289
10300 43 0.0248447 1.0 0.9293
10400 44 0.0262469 0.992188 0.92905
10500 44 0.0252007 1.0 0.92895
10600 45 0.0254447 1.0 0.9291
10700 45 0.0257297 1.0 0.9295
10800 46 0.0234909 1.0 0.92905
10900 46 0.0241082 1.0 0.9292
11000 46 0.024717 1.0 0.9293
11100 47 0.0267216 0.992188 0.9294
11200 47 0.0248243 1.0 0.92925
11300 48 0.0251614 1.0 0.9294
11400 48 0.0235536 1.0 0.92935
11500 49 0.0253147 1.0 0.9293
11600 49 0.0301503 1.0 0.92925
11700 49 0.0261344 1.0 0.9293
11800 50 0.0256726 1.0 0.9293
11900 50 0.023576 1.0 0.9291
12000 51 0.0237346 1.0 0.9294
12100 51 0.0240258 1.0 0.9297
12200 52 0.0270016 1.0 0.92965
12300 52 0.0254482 1.0 0.92945
12400 52 0.0242827 1.0 0.92965
12500 53 0.0241313 1.0 0.9293
12600 53 0.0236407 1.0 0.92945
12700 54 0.0235635 1.0 0.9293
12800 54 0.0238447 1.0 0.92935
12900 55 0.0231285 1.0 0.92885
13000 55 0.0253319 1.0 0.9296
13100 55 0.0205486 1.0 0.9293
13200 56 0.024169 1.0 0.9294
13300 56 0.0272143 1.0 0.9294
13400 57 0.0266891 1.0 0.92895
13500 57 0.0239418 1.0 0.92915
13600 58 0.0262319 1.0 0.9299
13700 58 0.0263892 1.0 0.92995
13800 58 0.0230491 1.0 0.9297
13900 59 0.0236873 1.0 0.92985
14000 59 0.0226511 1.0 0.92955
14100 60 0.0221306 1.0 0.9293

