100 0 1.00508 0.621094 0.5908
200 0 0.887729 0.792969 0.7887
300 1 0.665675 0.828125 0.81355
400 1 0.798546 0.757812 0.76875
500 2 0.499263 0.878906 0.86285
600 2 0.500773 0.910156 0.876
700 2 0.508022 0.933594 0.8864
800 3 0.434923 0.886719 0.86775
900 3 0.476442 0.886719 0.88035
1000 4 0.449188 0.929688 0.8622
1100 4 0.369558 0.972656 0.90555
1200 5 0.307972 0.929688 0.8976
1300 5 0.402871 0.917969 0.9047
1400 5 0.299304 0.890625 0.8612
1500 6 0.213359 0.960938 0.9021
1600 6 0.22091 0.964844 0.91125
1700 7 0.268006 0.9375 0.9052
1800 7 0.20973 0.949219 0.9006
1900 8 0.224432 0.953125 0.915
2000 8 0.175195 0.957031 0.90945
2100 8 0.212977 0.980469 0.914
2200 9 0.157869 0.945312 0.89595
2300 9 0.176492 0.984375 0.9118
2400 10 0.129527 0.976562 0.9019
2500 10 0.143422 0.964844 0.89205
2600 11 0.128677 0.976562 0.90095
2700 11 0.100008 0.992188 0.91585
2800 11 0.118139 0.972656 0.8954
2900 12 0.121362 0.988281 0.9183
3000 12 0.131272 0.976562 0.9174
3100 13 0.107152 0.988281 0.91805
3200 13 0.107458 0.996094 0.9102
3300 14 0.0888107 0.988281 0.9079
3400 14 0.105274 0.988281 0.91765
3500 14 0.0878525 0.984375 0.91415
3600 15 0.0811189 1.0 0.9221
3700 15 0.0893169 1.0 0.9214
3800 16 0.0768123 0.984375 0.91025
3900 16 0.0820456 1.0 0.9207
4000 17 0.0788861 1.0 0.9144
4100 17 0.0836669 0.976562 0.90125
4200 17 0.0750737 1.0 0.92265
4300 18 0.0828982 0.996094 0.9128
4400 18 0.0708693 0.996094 0.9255
4500 19 0.0670445 1.0 0.91815
4600 19 0.0643112 0.988281 0.91725
4700 20 0.0686322 1.0 0.9184
4800 20 0.0709649 0.996094 0.92445
4900 20 0.0713439 0.980469 0.91095
5000 21 0.064648 1.0 0.91905
5100 21 0.0570996 1.0 0.9215
5200 22 0.0691298 1.0 0.9275
5300 22 0.0622733 1.0 0.92755
5400 23 0.0659038 0.996094 0.9252
5500 23 0.0627836 1.0 0.92495
5600 23 0.0570367 1.0 0.9305
5700 24 0.0643822 1.0 0.931
5800 24 0.0643986 1.0 0.9316
5900 25 0.061281 1.0 0.92935
6000 25 0.0574447 1.0 0.92755
6100 26 0.0570131 0.996094 0.92215
6200 26 0.0654601 0.996094 0.92355
6300 26 0.0550858 1.0 0.9272
6400 27 0.0514082 1.0 0.93115
6500 27 0.0574981 1.0 0.928
6600 28 0.0571085 1.0 0.92665
6700 28 0.0532492 1.0 0.9291
6800 29 0.0571994 1.0 0.93
6900 29 0.0510841 1.0 0.92415
7000 29 0.051976 1.0 0.9295
7100 30 0.0495117 1.0 0.931
7200 30 0.050348 1.0 0.9266
7300 31 0.0487711 1.0 0.93145
7400 31 0.0460879 1.0 0.93085
7500 31 0.066052 1.0 0.9322
7600 32 0.049331 1.0 0.9327
7700 32 0.0461249 1.0 0.93135
7800 33 0.0480354 1.0 0.93245
7900 33 0.048811 1.0 0.93025
8000 34 0.0499389 1.0 0.92995
8100 34 0.0490545 1.0 0.9339
8200 34 0.0440518 1.0 0.93105
8300 35 0.046296 1.0 0.9332
8400 35 0.0494341 1.0 0.9316
8500 36 0.0436352 1.0 0.9302
8600 36 0.0499214 1.0 0.9323
8700 37 0.0437713 1.0 0.93205
8800 37 0.0500819 1.0 0.9337
8900 37 0.0451524 1.0 0.93405
9000 38 0.0441107 1.0 0.93335
9100 38 0.0460545 1.0 0.9338
9200 39 0.0436843 1.0 0.93415
9300 39 0.0443362 1.0 0.93435
9400 40 0.0447722 1.0 0.9319
9500 40 0.0457932 1.0 0.9324
9600 40 0.046325 1.0 0.93285
9700 41 0.0429062 1.0 0.93255
9800 41 0.041299 1.0 0.9335
9900 42 0.0437502 1.0 0.9339
10000 42 0.0443589 1.0 0.93445
10100 43 0.0421152 1.0 0.93445
10200 43 0.0415784 1.0 0.93415
10300 43 0.0487673 1.0 0.9345
10400 44 0.0425626 1.0 0.93405
10500 44 0.0438807 1.0 0.93445
10600 45 0.0435009 1.0 0.9346
10700 45 0.0411814 1.0 0.93415
10800 46 0.0419314 1.0 0.9346
10900 46 0.0499435 1.0 0.93365
11000 46 0.0416507 1.0 0.9345
11100 47 0.0424323 1.0 0.93465
11200 47 0.0397328 1.0 0.93485
11300 48 0.0420069 1.0 0.93495
11400 48 0.0384125 1.0 0.93465
11500 49 0.0426514 1.0 0.93485
11600 49 0.0481081 1.0 0.935
11700 49 0.0408747 1.0 0.9347
11800 50 0.0383578 1.0 0.93505
11900 50 0.0391551 1.0 0.93505
12000 51 0.0440878 1.0 0.935
12100 51 0.0424619 1.0 0.9351
12200 52 0.0404536 1.0 0.93565
12300 52 0.0390091 1.0 0.9348
12400 52 0.0426603 1.0 0.9344
12500 53 0.0400176 1.0 0.93425
12600 53 0.0406058 1.0 0.9348
12700 54 0.0436284 1.0 0.93445
12800 54 0.0406831 1.0 0.9353
12900 55 0.0424759 1.0 0.93485
13000 55 0.0414832 1.0 0.9344
13100 55 0.0381485 1.0 0.9345
13200 56 0.0401955 1.0 0.9352
13300 56 0.0442884 1.0 0.93455
13400 57 0.0428465 1.0 0.935
13500 57 0.0383163 1.0 0.9347
13600 58 0.041371 1.0 0.935
13700 58 0.0436976 1.0 0.93475
13800 58 0.0397624 1.0 0.93495
13900 59 0.0405574 1.0 0.93535
14000 59 0.0424394 1.0 0.9348
14100 60 0.0397612 1.0 0.93515

