100 0 0.962524 0.742188 0.7401
200 0 0.849317 0.855469 0.81795
300 1 0.757745 0.839844 0.8358
400 1 0.618868 0.871094 0.86685
500 2 0.492151 0.890625 0.8881
600 2 0.621511 0.90625 0.88665
700 2 0.420805 0.960938 0.9094
800 3 0.455302 0.929688 0.8953
900 3 0.366226 0.957031 0.90765
1000 4 0.334116 0.9375 0.90845
1100 4 0.362896 0.96875 0.912
1200 5 0.352558 0.953125 0.91515
1300 5 0.307914 0.957031 0.91235
1400 5 0.333231 0.964844 0.92365
1500 6 0.195223 1.0 0.9232
1600 6 0.276769 0.964844 0.9193
1700 7 0.205171 0.996094 0.91245
1800 7 0.205946 0.988281 0.919
1900 8 0.177322 0.996094 0.92015
2000 8 0.169015 0.992188 0.92015
2100 8 0.159975 1.0 0.91715
2200 9 0.140473 0.996094 0.9238
2300 9 0.119037 1.0 0.921
2400 10 0.115915 1.0 0.91955
2500 10 0.125392 1.0 0.92265
2600 11 0.115388 1.0 0.9204
2700 11 0.107538 1.0 0.92285
2800 11 0.10924 1.0 0.92505
2900 12 0.0955606 1.0 0.92575
3000 12 0.106172 1.0 0.9244
3100 13 0.0946466 1.0 0.9275
3200 13 0.101005 1.0 0.91865
3300 14 0.0826691 1.0 0.92685
3400 14 0.084244 1.0 0.92765
3500 14 0.0842401 1.0 0.92735
3600 15 0.0759465 1.0 0.92605
3700 15 0.0878093 1.0 0.9273
3800 16 0.0706655 1.0 0.92785
3900 16 0.082689 1.0 0.9286
4000 17 0.0772136 1.0 0.928
4100 17 0.0735207 1.0 0.9284
4200 17 0.0682089 1.0 0.9287
4300 18 0.0744981 1.0 0.928
4400 18 0.0624641 1.0 0.9291
4500 19 0.0736619 1.0 0.9279
4600 19 0.0688054 1.0 0.9284
4700 20 0.0620608 1.0 0.9305
4800 20 0.0666224 1.0 0.9278
4900 20 0.0566817 1.0 0.9292
5000 21 0.0580741 1.0 0.93065
5100 21 0.0617724 1.0 0.9297
5200 22 0.0567919 1.0 0.93015
5300 22 0.0581991 1.0 0.92865
5400 23 0.0569967 1.0 0.9312
5500 23 0.0697821 1.0 0.9306
5600 23 0.0550346 1.0 0.93065
5700 24 0.0530802 1.0 0.93015
5800 24 0.050924 1.0 0.92975
5900 25 0.0506517 1.0 0.93085
6000 25 0.0526729 1.0 0.9308
6100 26 0.0501481 1.0 0.92955
6200 26 0.0562703 1.0 0.93025
6300 26 0.0465437 1.0 0.9299
6400 27 0.0518368 1.0 0.9293
6500 27 0.0519873 1.0 0.9311
6600 28 0.0566446 1.0 0.9316
6700 28 0.0536888 1.0 0.931
6800 29 0.0489272 1.0 0.93135
6900 29 0.0457124 1.0 0.9313
7000 29 0.0465329 1.0 0.93105
7100 30 0.0456584 1.0 0.9305
7200 30 0.0501699 1.0 0.93055
7300 31 0.0494299 1.0 0.9316
7400 31 0.0437309 1.0 0.9314
7500 31 0.0524195 1.0 0.93135
7600 32 0.0522306 1.0 0.931
7700 32 0.0484609 1.0 0.9316
7800 33 0.0463322 1.0 0.93125
7900 33 0.0451472 1.0 0.9323
8000 34 0.0417888 1.0 0.93155
8100 34 0.0429837 1.0 0.9307
8200 34 0.0426873 1.0 0.93195
8300 35 0.0450649 1.0 0.9326
8400 35 0.0466646 1.0 0.9313
8500 36 0.0463565 1.0 0.93215
8600 36 0.0435813 1.0 0.9316
8700 37 0.0450319 1.0 0.9315
8800 37 0.0414309 1.0 0.931
8900 37 0.0446288 1.0 0.9317
9000 38 0.0415746 1.0 0.93135
9100 38 0.0411398 1.0 0.9324
9200 39 0.0419573 1.0 0.93195
9300 39 0.0399385 1.0 0.93245
9400 40 0.0426506 1.0 0.9318
9500 40 0.0371091 1.0 0.93225
9600 40 0.0428616 1.0 0.93225
9700 41 0.0388357 1.0 0.9317
9800 41 0.0401531 1.0 0.9321
9900 42 0.0461434 1.0 0.932
10000 42 0.0413482 1.0 0.93175
10100 43 0.0356158 1.0 0.9322
10200 43 0.0410928 1.0 0.9312
10300 43 0.0384392 1.0 0.93175
10400 44 0.0396785 1.0 0.9318
10500 44 0.0430627 1.0 0.93105
10600 45 0.0367606 1.0 0.9318
10700 45 0.0377586 1.0 0.9314
10800 46 0.0371852 1.0 0.93135
10900 46 0.0387102 1.0 0.93155
11000 46 0.0371918 1.0 0.93215
11100 47 0.0408883 1.0 0.9316
11200 47 0.0426442 1.0 0.9314
11300 48 0.0383444 1.0 0.93185
11400 48 0.03861 1.0 0.932
11500 49 0.036419 1.0 0.9307
11600 49 0.0366023 1.0 0.93135
11700 49 0.0388598 1.0 0.9313
11800 50 0.0382566 1.0 0.93165
11900 50 0.0478726 1.0 0.93155
12000 51 0.0373803 1.0 0.93185
12100 51 0.0379997 1.0 0.93215
12200 52 0.0391458 1.0 0.9321
12300 52 0.0372751 1.0 0.9315
12400 52 0.0360984 1.0 0.932
12500 53 0.0358218 1.0 0.93175
12600 53 0.0382456 1.0 0.93155
12700 54 0.0367552 1.0 0.9317
12800 54 0.037202 1.0 0.9318
12900 55 0.0363932 1.0 0.93185
13000 55 0.0367204 1.0 0.93175
13100 55 0.0361917 1.0 0.9316
13200 56 0.0420511 1.0 0.9315
13300 56 0.0360598 1.0 0.9315
13400 57 0.0393236 1.0 0.9318
13500 57 0.0362283 1.0 0.93155
13600 58 0.0383895 1.0 0.9317
13700 58 0.038496 1.0 0.93185
13800 58 0.0388336 1.0 0.9321
13900 59 0.0374607 1.0 0.9321
14000 59 0.0346762 1.0 0.93185
14100 60 0.0402496 1.0 0.93175

