100 0 1.0022309 0.70703125 0.7191
200 0 0.8543655 0.796875 0.78845
300 1 0.78496504 0.8203125 0.8442
400 1 0.6840636 0.82421875 0.85395
500 2 0.48019058 0.9296875 0.88915
600 2 0.55197716 0.90625 0.89035
700 2 0.48238102 0.9375 0.90295
800 3 0.38544083 0.96484375 0.89975
900 3 0.40468994 0.95703125 0.90125
1000 4 0.35652256 0.95703125 0.90964997
1100 4 0.3671627 0.953125 0.90765
1200 5 0.33862752 0.96875 0.91595
1300 5 0.33461764 0.9609375 0.91464996
1400 5 0.35454378 0.98046875 0.91855
1500 6 0.23171215 0.984375 0.92005
1600 6 0.23702225 0.95703125 0.91055
1700 7 0.23652223 0.98046875 0.9161
1800 7 0.21985981 0.96875 0.9177
1900 8 0.15713829 0.9921875 0.91515
2000 8 0.15879208 0.98828125 0.9189
2100 8 0.15752566 1.0 0.9208
2200 9 0.19175297 0.99609375 0.919
2300 9 0.14741527 0.99609375 0.9196
2400 10 0.124717966 1.0 0.9245
2500 10 0.13594031 0.9921875 0.9206
2600 11 0.10269354 1.0 0.9219
2700 11 0.1165822 1.0 0.92544997
2800 11 0.11070863 1.0 0.92075
2900 12 0.10660785 0.99609375 0.92155004
3000 12 0.13282326 1.0 0.9257
3100 13 0.096833915 1.0 0.9247
3200 13 0.089534625 1.0 0.9248
3300 14 0.082144186 1.0 0.92394996
3400 14 0.07717425 1.0 0.92625
3500 14 0.09187777 1.0 0.92475
3600 15 0.08577809 1.0 0.92575
3700 15 0.07482642 1.0 0.92585003
3800 16 0.0858304 1.0 0.92705
3900 16 0.073845 1.0 0.9269
4000 17 0.07153903 1.0 0.9283
4100 17 0.07914381 1.0 0.9279
4200 17 0.0724934 1.0 0.92915
4300 18 0.09263067 1.0 0.92885005
4400 18 0.07177201 1.0 0.92875004
4500 19 0.071486235 1.0 0.9286
4600 19 0.07256184 1.0 0.92910004
4700 20 0.06692149 1.0 0.9306
4800 20 0.063557126 1.0 0.93044996
4900 20 0.060423687 1.0 0.93115
5000 21 0.05845879 1.0 0.9309
5100 21 0.058724366 1.0 0.93079996
5200 22 0.0642708 1.0 0.9318
5300 22 0.064632 1.0 0.93125
5400 23 0.056802224 1.0 0.93065
5500 23 0.06338975 1.0 0.92895
5600 23 0.058501765 1.0 0.93075
5700 24 0.05511444 1.0 0.9302
5800 24 0.056848846 1.0 0.93149996
5900 25 0.054909542 1.0 0.93055
6000 25 0.052198235 1.0 0.93095005
6100 26 0.051282085 1.0 0.93114996
6200 26 0.050743867 1.0 0.93205
6300 26 0.052291445 1.0 0.93065
6400 27 0.051322877 1.0 0.93095
6500 27 0.047832295 1.0 0.93195
6600 28 0.047061965 1.0 0.93095005
6700 28 0.04804389 1.0 0.93155
6800 29 0.049586985 1.0 0.93215
6900 29 0.04519493 1.0 0.93219995
7000 29 0.046169143 1.0 0.93185
7100 30 0.044720296 1.0 0.93215
7200 30 0.04705714 1.0 0.93055
7300 31 0.04782102 1.0 0.9313
7400 31 0.044550814 1.0 0.9317
7500 31 0.04965575 1.0 0.9319
7600 32 0.047499105 1.0 0.9324
7700 32 0.043845486 1.0 0.9324
7800 33 0.04182655 1.0 0.9313
7900 33 0.045048706 1.0 0.93155
8000 34 0.04471086 1.0 0.9314
8100 34 0.044947155 1.0 0.93175
8200 34 0.042643286 1.0 0.93155
8300 35 0.042295985 1.0 0.93195
8400 35 0.04418137 1.0 0.93200004
8500 36 0.041417364 1.0 0.9319
8600 36 0.045091353 1.0 0.932
8700 37 0.04994733 1.0 0.93184996
8800 37 0.041187413 1.0 0.93125
8900 37 0.040184125 1.0 0.9316
9000 38 0.042418294 1.0 0.93184996
9100 38 0.040901743 1.0 0.9316
9200 39 0.04350081 1.0 0.93195
9300 39 0.04552397 1.0 0.9318
9400 40 0.043757133 1.0 0.93195
9500 40 0.04122977 1.0 0.9317
9600 40 0.039672453 1.0 0.9319
9700 41 0.040393036 1.0 0.93264997
9800 41 0.03854107 1.0 0.93175
9900 42 0.03862042 1.0 0.93254995
10000 42 0.03848581 1.0 0.93215
10100 43 0.042374395 1.0 0.93215
10200 43 0.04141819 1.0 0.9314
10300 43 0.0394826 1.0 0.93165
10400 44 0.04677231 1.0 0.93205
10500 44 0.04463449 1.0 0.9321
10600 45 0.038093448 1.0 0.9315
10700 45 0.04224644 1.0 0.93264997
10800 46 0.03912782 1.0 0.9319
10900 46 0.04054801 1.0 0.93255
11000 46 0.041536484 1.0 0.9326
11100 47 0.04127877 1.0 0.9325
11200 47 0.04049222 1.0 0.9331
11300 48 0.039495386 1.0 0.93295
11400 48 0.040160272 1.0 0.93215
11500 49 0.044056177 1.0 0.9325
11600 49 0.041043565 1.0 0.93325
11700 49 0.039852176 1.0 0.93270004
11800 50 0.036814168 1.0 0.9326
11900 50 0.03669403 1.0 0.9329
12000 51 0.038101196 1.0 0.9328
12100 51 0.039826017 1.0 0.93270004
12200 52 0.0376252 1.0 0.93254995
12300 52 0.040488496 1.0 0.93225
12400 52 0.04081781 1.0 0.93285
12500 53 0.038947515 1.0 0.93255
12600 53 0.03770916 1.0 0.93285
12700 54 0.039296806 1.0 0.9332
12800 54 0.03919235 1.0 0.9329
12900 55 0.044481874 1.0 0.93305004
13000 55 0.036466572 1.0 0.93299997
13100 55 0.036545437 1.0 0.93299997
13200 56 0.040394306 1.0 0.93264997
13300 56 0.042201906 1.0 0.93295
13400 57 0.038362004 1.0 0.93275
13500 57 0.038383782 1.0 0.9329
13600 58 0.03737232 1.0 0.93289995
13700 58 0.041928593 1.0 0.93295
13800 58 0.041200407 1.0 0.93315
13900 59 0.036663737 1.0 0.9327
14000 59 0.04057574 1.0 0.93275
14100 60 0.04385086 1.0 0.93334997
