100 0 0.989518 0.667969 0.64795
200 1 0.89211 0.796875 0.79235
300 1 0.685721 0.792969 0.8124
400 2 0.601073 0.839844 0.85765
500 3 0.458068 0.925781 0.8764
600 3 0.501196 0.929688 0.8795
700 4 0.527409 0.886719 0.889
800 5 0.344122 0.972656 0.8988
900 5 0.390562 0.949219 0.8962
1000 6 0.298377 0.980469 0.90675
1100 7 0.300112 0.960938 0.9066
1200 7 0.23635 0.976562 0.90905
1300 8 0.255225 0.992188 0.9037
1400 8 0.192423 0.96875 0.90475
1500 9 0.208484 0.988281 0.90945
1600 10 0.165147 0.992188 0.9124
1700 10 0.156105 0.980469 0.89535
1800 11 0.128369 1.0 0.90835
1900 12 0.13482 1.0 0.90765
2000 12 0.150675 0.992188 0.8999
2100 13 0.12246 0.996094 0.9062
2200 14 0.124162 0.996094 0.9018
2300 14 0.112263 1.0 0.90415
2400 15 0.0980594 0.992188 0.9029
2500 15 0.102929 0.976562 0.89425
2600 16 0.0964979 1.0 0.9048
2700 17 0.0832461 1.0 0.90255
2800 17 0.0924225 0.992188 0.8988
2900 18 0.0899747 0.992188 0.90085
3000 19 0.075708 1.0 0.90025
3100 19 0.0753392 0.992188 0.9019
3200 20 0.0786933 1.0 0.91535
3300 21 0.0907654 0.996094 0.91175
3400 21 0.0791268 1.0 0.9114
3500 22 0.0667694 1.0 0.9108
3600 23 0.0717245 1.0 0.91885
3700 23 0.0735634 1.0 0.91285
3800 24 0.0704085 1.0 0.91805
3900 24 0.0731959 0.996094 0.9141
4000 25 0.0695549 1.0 0.91415
4100 26 0.0626592 1.0 0.91305
4200 26 0.0612367 1.0 0.9182
4300 27 0.0639632 1.0 0.9161
4400 28 0.0661376 1.0 0.9139
4500 28 0.0573299 1.0 0.91385
4600 29 0.0611511 1.0 0.91825
4700 30 0.0629415 1.0 0.9208
4800 30 0.0542246 1.0 0.9164
4900 31 0.0514694 1.0 0.91625
5000 31 0.0576919 1.0 0.91865
5100 32 0.0513614 1.0 0.9203
5200 33 0.0496488 1.0 0.91825
5300 33 0.0498592 1.0 0.9169
5400 34 0.0521653 1.0 0.918
5500 35 0.0509753 1.0 0.9125
5600 35 0.0504973 1.0 0.91985
5700 36 0.049729 1.0 0.9182
5800 37 0.0484066 1.0 0.92065
5900 37 0.0523167 1.0 0.92065
6000 38 0.0456189 1.0 0.9197
6100 39 0.0457501 1.0 0.9211
6200 39 0.0559787 1.0 0.91875
6300 40 0.049376 1.0 0.91935
6400 40 0.0495682 1.0 0.9159
6500 41 0.0492133 1.0 0.92085
6600 42 0.0451937 1.0 0.92295
6700 42 0.0458003 1.0 0.92335
6800 43 0.042029 1.0 0.92335
6900 44 0.0426142 1.0 0.92345
7000 44 0.044846 1.0 0.92115
7100 45 0.0538959 1.0 0.92125
7200 46 0.0445612 1.0 0.9239
7300 46 0.0438316 1.0 0.9212
7400 47 0.0409606 1.0 0.92105
7500 47 0.0411716 1.0 0.9221
7600 48 0.0410177 1.0 0.92205
7700 49 0.0478591 1.0 0.9201
7800 49 0.047135 1.0 0.9215
7900 50 0.0401883 1.0 0.92285
8000 51 0.0410021 1.0 0.9232
8100 51 0.0372622 1.0 0.9237
8200 52 0.0435779 1.0 0.92165
8300 53 0.040995 1.0 0.92355
8400 53 0.0383515 1.0 0.923
8500 54 0.0420449 1.0 0.92255
8600 55 0.0370956 1.0 0.9245
8700 55 0.0440119 1.0 0.923
8800 56 0.041179 1.0 0.9242
8900 56 0.0393629 1.0 0.9237
9000 57 0.0357406 1.0 0.92395
9100 58 0.0387521 1.0 0.92525
9200 58 0.0346436 1.0 0.9236
9300 59 0.0427604 1.0 0.92505
9400 60 0.0351561 1.0 0.92325
9500 60 0.0363751 1.0 0.92405
9600 61 0.0369952 1.0 0.92435
9700 62 0.0374139 1.0 0.9247
9800 62 0.036167 1.0 0.92585
9900 63 0.035019 1.0 0.92465
10000 63 0.0413715 1.0 0.9249
10100 64 0.0345426 1.0 0.9244
10200 65 0.0382716 1.0 0.92535
10300 65 0.0326433 1.0 0.92475
10400 66 0.0364713 1.0 0.9251
10500 67 0.033091 1.0 0.92585
10600 67 0.0348177 1.0 0.92495
10700 68 0.0376052 1.0 0.9253
10800 69 0.0368227 1.0 0.92465
10900 69 0.0341078 1.0 0.92545
11000 70 0.0344583 1.0 0.92485
11100 71 0.0337943 1.0 0.92505
11200 71 0.0360858 1.0 0.92565
11300 72 0.0337448 1.0 0.9256
11400 72 0.0324629 1.0 0.92535
11500 73 0.0349078 1.0 0.9257
11600 74 0.0343733 1.0 0.9257
11700 74 0.0364496 1.0 0.92525
11800 75 0.0352936 1.0 0.92525
11900 76 0.0331966 1.0 0.9249
12000 76 0.0351026 1.0 0.9251
12100 77 0.0383908 1.0 0.92525
12200 78 0.0330419 1.0 0.9252
12300 78 0.0315799 1.0 0.92545
12400 79 0.0328927 1.0 0.9255
12500 79 0.0324537 1.0 0.92595
12600 80 0.0318203 1.0 0.926
12700 81 0.0322523 1.0 0.92535
12800 81 0.034554 1.0 0.9257
12900 82 0.0389977 1.0 0.926
13000 83 0.0337035 1.0 0.9259
13100 83 0.0348678 1.0 0.9257
13200 84 0.0336629 1.0 0.9256
13300 85 0.0329308 1.0 0.92575
13400 85 0.0340565 1.0 0.92565
13500 86 0.0356844 1.0 0.92525
13600 87 0.0345162 1.0 0.92535
13700 87 0.0329707 1.0 0.92515
13800 88 0.0318374 1.0 0.92595
13900 88 0.0314236 1.0 0.92555
14000 89 0.0330493 1.0 0.92555
14100 90 0.0339224 1.0 0.92565
14200 90 0.0366845 1.0 0.92615
14300 91 0.0331047 1.0 0.9263
14400 92 0.0310443 1.0 0.926
14500 92 0.0336007 1.0 0.92595
14600 93 0.0317386 1.0 0.92615
14700 94 0.0351011 1.0 0.92605
14800 94 0.0325479 1.0 0.9259
14900 95 0.0364078 1.0 0.92535
15000 95 0.0339095 1.0 0.92565
15100 96 0.0337784 1.0 0.9254
15200 97 0.0317148 1.0 0.9251
15300 97 0.0325706 1.0 0.92585
15400 98 0.032546 1.0 0.9259
15500 99 0.033651 1.0 0.92575
15600 99 0.038238 1.0 0.9259
15700 100 0.0305845 1.0 0.92595

