100 0 1.0164133 0.55078125 0.56085
200 1 0.77569896 0.6875 0.64635
300 1 0.71099627 0.734375 0.7442
400 2 0.53012717 0.81640625 0.79595
500 3 0.48953187 0.8671875 0.8342
600 3 0.5119345 0.83203125 0.84765005
700 4 0.44856858 0.90234375 0.8686
800 5 0.30345285 0.9609375 0.8856
900 5 0.281083 0.953125 0.88769996
1000 6 0.2589632 0.984375 0.9033
1100 7 0.21073988 0.984375 0.89645
1200 7 0.2606969 0.9921875 0.91105
1300 8 0.166848 0.9921875 0.9059
1400 8 0.1770775 0.99609375 0.9087
1500 9 0.16259578 0.99609375 0.90875
1600 10 0.13385563 0.99609375 0.90900004
1700 10 0.13786669 1.0 0.91145
1800 11 0.1197353 1.0 0.9125
1900 12 0.11061483 1.0 0.91455
2000 12 0.11050157 1.0 0.90935
2100 13 0.10859017 1.0 0.91315
2200 14 0.10465042 1.0 0.91139996
2300 14 0.10257797 1.0 0.90884995
2400 15 0.0960824 1.0 0.91604996
2500 15 0.09296516 1.0 0.91455
2600 16 0.08252367 1.0 0.916
2700 17 0.0846584 1.0 0.91845
2800 17 0.07637038 1.0 0.91425
2900 18 0.077255696 1.0 0.9142
3000 19 0.07686633 1.0 0.92
3100 19 0.07025789 1.0 0.9201
3200 20 0.07722949 1.0 0.91795003
3300 21 0.07777302 1.0 0.92145
3400 21 0.06687678 1.0 0.91905
3500 22 0.0624506 1.0 0.9167
3600 23 0.060377795 1.0 0.91894996
3700 23 0.05978989 1.0 0.91875005
3800 24 0.060941335 1.0 0.9178
3900 24 0.06638004 1.0 0.91775
4000 25 0.055523857 1.0 0.91615
4100 26 0.058590997 1.0 0.9173
4200 26 0.053905975 1.0 0.9201
4300 27 0.055874094 1.0 0.91875
4400 28 0.054939862 1.0 0.91615
4500 28 0.05348856 1.0 0.91744995
4600 29 0.05908011 1.0 0.91805005
4700 30 0.051920056 1.0 0.91815
4800 30 0.050017565 1.0 0.91915
4900 31 0.0497331 1.0 0.9205
5000 31 0.053817634 1.0 0.91980004
5100 32 0.05062746 1.0 0.91985
5200 33 0.048641354 1.0 0.9202
5300 33 0.05217955 1.0 0.9194
5400 34 0.046160147 1.0 0.9201
5500 35 0.049946047 1.0 0.9217
5600 35 0.04370429 1.0 0.91910005
5700 36 0.044228833 1.0 0.9195
5800 37 0.04370533 1.0 0.92025
5900 37 0.049818996 1.0 0.91999996
6000 38 0.046111885 1.0 0.92015004
6100 39 0.04902602 1.0 0.91975
6200 39 0.048442423 1.0 0.91955
6300 40 0.05244434 1.0 0.921
6400 40 0.041544564 1.0 0.91995
2018-08-07 06:47:22.753008: W tensorflow/stream_executor/cuda/cuda_dnn.cc:2223] 
6500 41 0.043977506 1.0 0.9199
6600 42 0.040565893 1.0 0.92015004
6700 42 0.04013513 1.0 0.92055
6800 43 0.04737871 1.0 0.921
6900 44 0.044110667 1.0 0.9203
7000 44 0.04066409 1.0 0.92065
7100 45 0.04906813 1.0 0.92055
7200 46 0.039595917 1.0 0.9213
7300 46 0.038461603 1.0 0.92075
7400 47 0.04148986 1.0 0.92055
7500 47 0.03808666 1.0 0.92149997
7600 48 0.037512418 1.0 0.92085004
7700 49 0.037770916 1.0 0.92105
7800 49 0.037541024 1.0 0.92114997
7900 50 0.037029676 1.0 0.92104995
8000 51 0.037466615 1.0 0.9214
8100 51 0.034800243 1.0 0.92114997
8200 52 0.040275805 1.0 0.92175
8300 53 0.03514249 1.0 0.92005
8400 53 0.035538267 1.0 0.92045
8500 54 0.039964776 1.0 0.9203
8600 55 0.03801629 1.0 0.92050004
8700 55 0.032894768 1.0 0.92125
8800 56 0.036242593 1.0 0.92139995
8900 56 0.036495693 1.0 0.92050004
9000 57 0.037955992 1.0 0.92015004
9100 58 0.036595963 1.0 0.9206
9200 58 0.036945693 1.0 0.92025
9300 59 0.034327168 1.0 0.92050004
9400 60 0.032904886 1.0 0.92015
9500 60 0.03640413 1.0 0.92149997
9600 61 0.03559257 1.0 0.92075
9700 62 0.036713824 1.0 0.92095
9800 62 0.03294711 1.0 0.92130005
9900 63 0.03344788 1.0 0.92149997
10000 63 0.040045515 1.0 0.92120004
10100 64 0.03346579 1.0 0.92135
10200 65 0.034285344 1.0 0.9209
10300 65 0.033656288 1.0 0.92045
10400 66 0.03948217 1.0 0.92025006
10500 67 0.032421198 1.0 0.92105
10600 67 0.03354668 1.0 0.9211
10700 68 0.037107304 1.0 0.92085
10800 69 0.031100215 1.0 0.9208
10900 69 0.03072185 1.0 0.92075
11000 70 0.03404841 1.0 0.9208
11100 71 0.03249624 1.0 0.92095
11200 71 0.038262066 1.0 0.9209
11300 72 0.030387603 1.0 0.92114997
11400 72 0.03212014 1.0 0.92045
11500 73 0.03240798 1.0 0.92105
11600 74 0.036411963 1.0 0.92114997
11700 74 0.032606658 1.0 0.92139995
11800 75 0.033847865 1.0 0.92175
11900 76 0.032002594 1.0 0.92145
12000 76 0.03129087 1.0 0.92120004
12100 77 0.033989664 1.0 0.92145
12200 78 0.033528253 1.0 0.9208
12300 78 0.037098356 1.0 0.92114997
12400 79 0.03319697 1.0 0.92105
12500 79 0.031386018 1.0 0.92125

