100 0 1.02183 0.546875 0.57805
200 1 0.891134 0.699219 0.6885
300 1 0.752414 0.707031 0.72195
400 2 0.636203 0.75 0.7435
500 3 0.776638 0.757812 0.8071
600 3 0.528504 0.882812 0.84905
700 4 0.528202 0.808594 0.7958
800 5 0.464973 0.855469 0.8054
900 5 0.362992 0.914062 0.87955
1000 6 0.365142 0.882812 0.85235
1100 7 0.33393 0.902344 0.8561
1200 7 0.388588 0.890625 0.8732
1300 8 0.300431 0.964844 0.8982
1400 8 0.289243 0.964844 0.8981
1500 9 0.260131 0.898438 0.88065
1600 10 0.297351 0.957031 0.89985
1700 10 0.194621 0.988281 0.9067
1800 11 0.23486 0.945312 0.90635
1900 12 0.18873 0.996094 0.91195
2000 12 0.184935 0.976562 0.8987
2100 13 0.171689 0.988281 0.90735
2200 14 0.147261 0.976562 0.90115
2300 14 0.176742 0.996094 0.91045
2400 15 0.115524 0.996094 0.91115
2500 15 0.108846 0.996094 0.91555
2600 16 0.161302 0.988281 0.9129
2700 17 0.126407 0.984375 0.91075
2800 17 0.0967283 1.0 0.91575
2900 18 0.0947066 0.976562 0.9069
3000 19 0.093545 0.992188 0.91495
3100 19 0.0873063 0.996094 0.9112
3200 20 0.0712375 1.0 0.91665
3300 21 0.0728769 1.0 0.91975
3400 21 0.0839832 0.996094 0.91945
3500 22 0.0585655 1.0 0.91835
3600 23 0.053858 1.0 0.918
3700 23 0.0568987 1.0 0.91815
3800 24 0.0505795 1.0 0.92045
3900 24 0.0659143 0.996094 0.91335
4000 25 0.0489844 0.996094 0.91065
4100 26 0.0521366 1.0 0.9113
4200 26 0.0469782 1.0 0.915
4300 27 0.043084 1.0 0.9149
4400 28 0.0430417 1.0 0.914
4500 28 0.0490791 1.0 0.91315
4600 29 0.0404907 1.0 0.9149
4700 30 0.0549768 1.0 0.9166
4800 30 0.0455488 0.992188 0.9094
4900 31 0.0449858 1.0 0.9196
5000 31 0.0387777 1.0 0.91175
5100 32 0.0719776 0.992188 0.91335
5200 33 0.0395748 1.0 0.91505
5300 33 0.0423546 1.0 0.91945
5400 34 0.0380591 1.0 0.9198
5500 35 0.0361177 1.0 0.92045
5600 35 0.0346357 1.0 0.92075
5700 36 0.0368347 1.0 0.92005
5800 37 0.0395017 1.0 0.9196
5900 37 0.0363661 1.0 0.919
6000 38 0.0446202 1.0 0.9192
6100 39 0.0313673 1.0 0.9202
6200 39 0.0339887 1.0 0.9197
6300 40 0.0342223 1.0 0.91935
6400 40 0.0363599 1.0 0.9197
6500 41 0.0334096 1.0 0.91935
6600 42 0.0371451 1.0 0.91925
6700 42 0.0305182 1.0 0.91955
6800 43 0.0340982 1.0 0.9202
6900 44 0.027626 1.0 0.9195
7000 44 0.0295079 1.0 0.9191
7100 45 0.0301621 1.0 0.91945
7200 46 0.0272573 1.0 0.91995
7300 46 0.0257792 1.0 0.91975
7400 47 0.0273128 1.0 0.91995
7500 47 0.0308835 1.0 0.92
7600 48 0.031896 1.0 0.91975
7700 49 0.0267373 1.0 0.92045
7800 49 0.0262192 1.0 0.9204
7900 50 0.02835 1.0 0.92135
8000 51 0.0243601 1.0 0.9207
8100 51 0.0244515 1.0 0.9204
8200 52 0.0231224 1.0 0.9207
8300 53 0.022826 1.0 0.9203
8400 53 0.024588 1.0 0.92065
8500 54 0.0270214 1.0 0.9207
8600 55 0.0266029 1.0 0.92055
8700 55 0.0251938 1.0 0.92055
8800 56 0.0242868 1.0 0.9204
8900 56 0.0260641 1.0 0.9201
9000 57 0.0242113 1.0 0.9206
9100 58 0.0231873 1.0 0.92075
9200 58 0.0243443 1.0 0.92075
9300 59 0.0305617 1.0 0.92075
9400 60 0.0221624 1.0 0.9209
9500 60 0.0215149 1.0 0.9211
9600 61 0.0258229 1.0 0.9207
9700 62 0.0212619 1.0 0.9215
9800 62 0.0214927 1.0 0.92075
9900 63 0.024064 1.0 0.9213
10000 63 0.0225326 1.0 0.92105
10100 64 0.0242008 1.0 0.92145
10200 65 0.0202925 1.0 0.9213
10300 65 0.0211198 1.0 0.92135
10400 66 0.0236758 1.0 0.92135
10500 67 0.0225107 1.0 0.9215
10600 67 0.0242789 1.0 0.9218
10700 68 0.0237189 1.0 0.9217
10800 69 0.0227739 1.0 0.9218
10900 69 0.025257 1.0 0.9216
11000 70 0.025176 1.0 0.92185
11100 71 0.0221509 1.0 0.9213
11200 71 0.020646 1.0 0.92185
11300 72 0.0232518 1.0 0.92185
11400 72 0.0236709 1.0 0.92235
11500 73 0.0205854 1.0 0.92235
11600 74 0.0194857 1.0 0.9218
11700 74 0.0195231 1.0 0.9221
11800 75 0.020641 1.0 0.9212
11900 76 0.0210149 1.0 0.9213
12000 76 0.0237652 1.0 0.9217
12100 77 0.0236338 1.0 0.9217
12200 78 0.021363 1.0 0.92195
12300 78 0.0196422 1.0 0.92205
12400 79 0.0205921 1.0 0.92155
12500 79 0.0215019 1.0 0.9216

