100 0 0.964358 0.464844 0.5076
200 1 0.82334 0.695312 0.7145
300 1 0.696854 0.644531 0.6589
400 2 0.572908 0.871094 0.82535
500 3 0.463139 0.859375 0.8151
600 3 0.487681 0.882812 0.833
700 4 0.399182 0.914062 0.8817
800 5 0.410199 0.941406 0.8797
900 5 0.366201 0.90625 0.85295
1000 6 0.358572 0.875 0.8677
1100 7 0.251206 0.910156 0.87415
1200 7 0.269002 0.945312 0.8909
1300 8 0.243415 0.921875 0.89935
1400 8 0.27058 0.957031 0.8922
1500 9 0.194196 0.960938 0.8877
1600 10 0.154427 0.96875 0.89595
1700 10 0.153534 0.988281 0.9021
1800 11 0.165904 0.960938 0.86075
1900 12 0.118713 0.976562 0.89385
2000 12 0.128619 0.960938 0.8889
2100 13 0.115492 0.964844 0.8814
2200 14 0.124117 0.984375 0.90215
2300 14 0.110291 0.980469 0.89775
2400 15 0.113859 0.929688 0.87535
2500 15 0.131122 0.941406 0.8812
2600 16 0.0949269 0.976562 0.88495
2700 17 0.0874609 0.976562 0.88185
2800 17 0.0884261 0.992188 0.90015
2900 18 0.0909626 0.898438 0.8305
3000 19 0.0895614 0.980469 0.88435
3100 19 0.0806643 0.996094 0.89855
3200 20 0.0835293 1.0 0.89035
3300 21 0.0756528 0.992188 0.89915
3400 21 0.081908 0.992188 0.89555
3500 22 0.0742856 0.972656 0.8901
3600 23 0.0685157 0.996094 0.897
3700 23 0.0707685 0.957031 0.87135
3800 24 0.066191 1.0 0.90995
3900 24 0.0755601 0.988281 0.89625
4000 25 0.0738894 1.0 0.91435
4100 26 0.0666446 0.996094 0.91445
4200 26 0.0662344 1.0 0.9161
4300 27 0.0629652 0.996094 0.91155
4400 28 0.0614554 0.957031 0.8668
4500 28 0.0575624 0.996094 0.90855
4600 29 0.0627912 1.0 0.91695
4700 30 0.0620296 1.0 0.9162
4800 30 0.056051 0.996094 0.9105
4900 31 0.0565749 1.0 0.91955
5000 31 0.055513 1.0 0.90675
5100 32 0.0599975 1.0 0.91105
5200 33 0.0517975 1.0 0.91805
5300 33 0.0594089 1.0 0.9212
5400 34 0.0509822 1.0 0.92225
5500 35 0.0491831 1.0 0.91865
5600 35 0.0515787 1.0 0.92095
5700 36 0.0502977 1.0 0.9196
5800 37 0.0471667 1.0 0.92025
5900 37 0.050291 1.0 0.9214
6000 38 0.0496368 1.0 0.9238
6100 39 0.0481756 1.0 0.9257
6200 39 0.0482797 1.0 0.92275
6300 40 0.044862 1.0 0.92365
6400 40 0.0450419 1.0 0.92515
6500 41 0.050182 1.0 0.92195
6600 42 0.0415808 1.0 0.91765
6700 42 0.0468256 1.0 0.9193
6800 43 0.0474752 1.0 0.91865
6900 44 0.045383 1.0 0.92315
7000 44 0.0455167 1.0 0.9209
7100 45 0.040086 1.0 0.9243
7200 46 0.0502163 1.0 0.92465
7300 46 0.0426334 1.0 0.92225
7400 47 0.0397659 1.0 0.92165
7500 47 0.0384878 1.0 0.9219
7600 48 0.0469788 1.0 0.9244
7700 49 0.0380001 1.0 0.92495
7800 49 0.0403705 1.0 0.92455
7900 50 0.0371727 1.0 0.92535
8000 51 0.0383711 1.0 0.9247
8100 51 0.0429018 1.0 0.9248
8200 52 0.0395554 1.0 0.9252
8300 53 0.0394419 1.0 0.9252
8400 53 0.0404273 1.0 0.9242
8500 54 0.0385134 1.0 0.9248
8600 55 0.0376348 1.0 0.92535
8700 55 0.0391559 1.0 0.92455
8800 56 0.0370497 1.0 0.9245
8900 56 0.0396712 1.0 0.9246
9000 57 0.043881 1.0 0.92515
9100 58 0.0347721 1.0 0.9266
9200 58 0.0359836 1.0 0.92565
9300 59 0.0378975 1.0 0.92575
9400 60 0.0336986 1.0 0.92645
9500 60 0.0361863 1.0 0.92695
9600 61 0.0389122 1.0 0.92545
9700 62 0.0453858 1.0 0.92675
9800 62 0.0339472 1.0 0.92775
9900 63 0.0355197 1.0 0.92715
10000 63 0.0344043 1.0 0.92705
10100 64 0.0353134 1.0 0.92655
10200 65 0.033861 1.0 0.9268
10300 65 0.0349852 1.0 0.9271
10400 66 0.0349936 1.0 0.92605
10500 67 0.0404529 1.0 0.92705
10600 67 0.0357551 1.0 0.92545
10700 68 0.0361367 1.0 0.9271
10800 69 0.0351169 1.0 0.9275
10900 69 0.0392892 1.0 0.92735
11000 70 0.0352789 1.0 0.92725
11100 71 0.0349756 1.0 0.9273
11200 71 0.0383275 1.0 0.92655
11300 72 0.0354316 1.0 0.92655
11400 72 0.0323445 1.0 0.92795
11500 73 0.0317706 1.0 0.92675
11600 74 0.0351769 1.0 0.92755
11700 74 0.0362436 1.0 0.9278
11800 75 0.0361267 1.0 0.92725
11900 76 0.0349884 1.0 0.9277
12000 76 0.0338231 1.0 0.9274
12100 77 0.0359203 1.0 0.9283
12200 78 0.0315901 1.0 0.9277
12300 78 0.0342324 1.0 0.9284
12400 79 0.0345001 1.0 0.9285
12500 79 0.0336188 1.0 0.9284

