100 0 1.0013752 0.7109375 0.7227
200 1 0.8594219 0.8203125 0.77425003
300 1 0.8026993 0.8046875 0.80285
400 2 0.6397943 0.80859375 0.805
500 3 0.5306347 0.8515625 0.85955
600 3 0.44909024 0.91796875 0.8718
700 4 0.4013794 0.95703125 0.88925
800 5 0.3336141 0.921875 0.88405
900 5 0.28783956 0.94921875 0.88240004
1000 6 0.28989866 0.9609375 0.89335
1100 7 0.24110658 0.98046875 0.90795004
1200 7 0.25539166 0.97265625 0.9003
1300 8 0.23741771 0.96484375 0.8995
1400 8 0.1969821 0.98046875 0.9084
1500 9 0.18219835 0.9921875 0.9082
1600 10 0.17406237 0.99609375 0.91335
1700 10 0.17317113 0.9921875 0.9137
1800 11 0.13450828 1.0 0.91705
1900 12 0.13205048 0.99609375 0.91394997
2000 12 0.13140196 1.0 0.91695
2100 13 0.13068578 1.0 0.91875
2200 14 0.10198777 1.0 0.91725004
2300 14 0.10783951 1.0 0.919
2400 15 0.101746716 0.99609375 0.91719997
2500 15 0.108927965 1.0 0.9198
2600 16 0.095994554 1.0 0.9199
2700 17 0.089381754 1.0 0.91805
2800 17 0.0899605 1.0 0.9186
2900 18 0.09160419 1.0 0.9192
3000 19 0.07652487 1.0 0.91865003
3100 19 0.080518246 1.0 0.91885
3200 20 0.07103939 1.0 0.91980004
3300 21 0.07629494 1.0 0.921
3400 21 0.073840104 1.0 0.92165005
3500 22 0.068363175 1.0 0.9209
3600 23 0.06283006 1.0 0.9205
3700 23 0.06644985 1.0 0.9187
3800 24 0.06791679 1.0 0.92190003
3900 24 0.06193531 1.0 0.92209995
4000 25 0.07470411 1.0 0.9196
4100 26 0.061881773 1.0 0.91975
4200 26 0.059057496 1.0 0.9193
4300 27 0.06099174 1.0 0.91964996
4400 28 0.06358396 1.0 0.92289996
4500 28 0.06937219 1.0 0.9224
4600 29 0.05260776 1.0 0.92285
4700 30 0.052278142 1.0 0.92359996
4800 30 0.058932327 1.0 0.92219996
4900 31 0.05326385 1.0 0.92305005
5000 31 0.051400922 1.0 0.92195
5100 32 0.052465156 1.0 0.92175
5200 33 0.059073854 1.0 0.92340004
5300 33 0.051551893 1.0 0.92184997
5400 34 0.050111033 1.0 0.9216
5500 35 0.047275715 1.0 0.92355
5600 35 0.046434496 1.0 0.92265
5700 36 0.044546865 1.0 0.92315
5800 37 0.04539422 1.0 0.9231
5900 37 0.04478579 1.0 0.92375004
6000 38 0.04508949 1.0 0.9232
6100 39 0.043776616 1.0 0.9232
6200 39 0.049472786 1.0 0.92365
6300 40 0.04111623 1.0 0.92429996
6400 40 0.045220986 1.0 0.92345
6500 41 0.04202119 1.0 0.92275
6600 42 0.04207784 1.0 0.9232
6700 42 0.04270079 1.0 0.9245
6800 43 0.04269308 1.0 0.92455
6900 44 0.038881063 1.0 0.9246
7000 44 0.037588477 1.0 0.9243
7100 45 0.038416907 1.0 0.92480004
7200 46 0.04192978 1.0 0.9253
7300 46 0.03978374 1.0 0.92410004
7400 47 0.038904004 1.0 0.92485
7500 47 0.041357175 1.0 0.9252
7600 48 0.036924094 1.0 0.92405
7700 49 0.0357035 1.0 0.92385
7800 49 0.03620127 1.0 0.9245
7900 50 0.036631607 1.0 0.92394996
8000 51 0.03918807 1.0 0.92405
8100 51 0.037419595 1.0 0.92425
8200 52 0.039185047 1.0 0.9246
8300 53 0.033376038 1.0 0.92455
8400 53 0.036325607 1.0 0.9256
8500 54 0.036883518 1.0 0.92485
8600 55 0.040689312 1.0 0.92525
8700 55 0.03547985 1.0 0.9247
8800 56 0.032531843 1.0 0.9256
8900 56 0.033567652 1.0 0.92445
9000 57 0.03525523 1.0 0.92575
9100 58 0.034870367 1.0 0.92515004
9200 58 0.03654229 1.0 0.925
9300 59 0.04077696 1.0 0.92499995
9400 60 0.03486997 1.0 0.9249
9500 60 0.033067163 1.0 0.92505
9600 61 0.031077411 1.0 0.9252
9700 62 0.035100356 1.0 0.92505
9800 62 0.032956496 1.0 0.92565
9900 63 0.03323853 1.0 0.9248
10000 63 0.034047898 1.0 0.92565
10100 64 0.032353986 1.0 0.9252
10200 65 0.037298273 1.0 0.9254
10300 65 0.032523993 1.0 0.92585
10400 66 0.03400307 1.0 0.92585003
10500 67 0.035305604 1.0 0.926
10600 67 0.035935216 1.0 0.92565
10700 68 0.034271393 1.0 0.92485
10800 69 0.03576102 1.0 0.9256
10900 69 0.029820941 1.0 0.92569995
11000 70 0.036285322 1.0 0.926
11100 71 0.033743545 1.0 0.92579997
11200 71 0.03351586 1.0 0.92505
11300 72 0.03048585 1.0 0.9254
11400 72 0.029285844 1.0 0.92544997
11500 73 0.030381221 1.0 0.92565
11600 74 0.032289498 1.0 0.9259
11700 74 0.03137647 1.0 0.92565
11800 75 0.030064419 1.0 0.9257
11900 76 0.031886727 1.0 0.9256
12000 76 0.03441968 1.0 0.92575
12100 77 0.0368859 1.0 0.9261
12200 78 0.03499508 1.0 0.9254
12300 78 0.030270206 1.0 0.92575
12400 79 0.033525176 1.0 0.92595
12500 79 0.030267961 1.0 0.9253
12600 80 0.033916 1.0 0.92575
12700 81 0.03107387 1.0 0.92595005
12800 81 0.03287877 1.0 0.92620003
12900 82 0.034164455 1.0 0.92625
13000 83 0.031715572 1.0 0.92625
13100 83 0.034516867 1.0 0.92620003
13200 84 0.028770372 1.0 0.92620003
13300 85 0.032079093 1.0 0.92625
13400 85 0.035650752 1.0 0.9259
13500 86 0.03158333 1.0 0.92569995
13600 87 0.031365465 1.0 0.9259
13700 87 0.030671854 1.0 0.92614996
13800 88 0.029643986 1.0 0.92620003
13900 88 0.030442376 1.0 0.92595005
14000 89 0.030872613 1.0 0.92605
14100 90 0.032824636 1.0 0.92595
14200 90 0.031789966 1.0 0.92585003
14300 91 0.034858298 1.0 0.92579997
14400 92 0.032991625 1.0 0.92579997
14500 92 0.028657306 1.0 0.92595
14600 93 0.03166568 1.0 0.9259
14700 94 0.033751488 1.0 0.9254
14800 94 0.034507476 1.0 0.9259
14900 95 0.032802165 1.0 0.92595
15000 95 0.032025784 1.0 0.9258
15100 96 0.030426245 1.0 0.92614996
15200 97 0.030014008 1.0 0.92575
15300 97 0.03537842 1.0 0.9259
15400 98 0.030844688 1.0 0.92595
15500 99 0.029240228 1.0 0.92595005
15600 99 0.031436052 1.0 0.9256
15700 100 0.029312655 1.0 0.92585003

