100 0 0.9808659 0.68359375 0.70914996
200 1 0.8663886 0.77734375 0.79775
300 1 0.90352994 0.76953125 0.8434
400 2 0.5908755 0.8359375 0.85115
500 3 0.58590543 0.921875 0.8754
600 3 0.6094744 0.89453125 0.8849
700 4 0.37628838 0.953125 0.8974
800 5 0.38783273 0.98046875 0.89585
900 5 0.40646842 0.92578125 0.89715004
1000 6 0.35237256 0.94140625 0.89954996
1100 7 0.26810873 0.984375 0.90945
1200 7 0.24564587 0.98828125 0.9139
1300 8 0.20305827 0.99609375 0.9119
1400 8 0.2605743 0.98046875 0.90925
1500 9 0.17860144 0.98828125 0.91085
1600 10 0.16980916 0.9921875 0.9137
1700 10 0.19238275 0.97265625 0.8951
1800 11 0.15273814 0.99609375 0.91400003
1900 12 0.15937184 0.9765625 0.9055
2000 12 0.1260514 0.99609375 0.9167
2100 13 0.12976295 1.0 0.91925
2200 14 0.09974073 1.0 0.91645
2300 14 0.10733991 1.0 0.9187
2400 15 0.10147579 1.0 0.9192
2500 15 0.10048254 1.0 0.91894996
2600 16 0.09277333 1.0 0.919
2700 17 0.10175699 1.0 0.9194
2800 17 0.09985952 1.0 0.91755
2900 18 0.077512726 1.0 0.9201
3000 19 0.07713175 0.99609375 0.92005
3100 19 0.07474227 1.0 0.9192
3200 20 0.08588545 1.0 0.91905
3300 21 0.08338016 1.0 0.919
3400 21 0.07715314 1.0 0.9196
3500 22 0.069539085 1.0 0.92130005
3600 23 0.06875913 1.0 0.91964996
3700 23 0.07008799 1.0 0.92145
3800 24 0.065050356 1.0 0.91789997
3900 24 0.06801182 1.0 0.9181
4000 25 0.06585566 1.0 0.92205
4100 26 0.07129468 1.0 0.91835
4200 26 0.07551597 1.0 0.91735
4300 27 0.058676668 1.0 0.92149997
4400 28 0.059550617 1.0 0.92114997
4500 28 0.05491417 1.0 0.92260003
4600 29 0.055630162 1.0 0.92375004
4700 30 0.059168834 1.0 0.92085004
4800 30 0.05308058 1.0 0.9218
4900 31 0.055675834 1.0 0.92355
5000 31 0.055713467 1.0 0.921
5100 32 0.053859137 1.0 0.92135
5200 33 0.052441366 1.0 0.9218
5300 33 0.05285885 1.0 0.92184997
5400 34 0.05257815 1.0 0.92175
5500 35 0.04938682 1.0 0.92295
5600 35 0.05097211 1.0 0.9232
5700 36 0.04489629 1.0 0.9237
5800 37 0.049138635 1.0 0.92245
5900 37 0.051721744 1.0 0.924
6000 38 0.042167585 1.0 0.92174995
6100 39 0.046437588 1.0 0.9211
6200 39 0.05105047 1.0 0.92135
6300 40 0.04310046 1.0 0.92285
6400 40 0.0415842 1.0 0.9224
6500 41 0.042329423 1.0 0.9242
6600 42 0.045910113 1.0 0.9233
6700 42 0.044259705 1.0 0.92345
6800 43 0.04577973 1.0 0.92359996
6900 44 0.039839663 1.0 0.9243
7000 44 0.048346788 1.0 0.92340004
7100 45 0.04093248 1.0 0.9245
7200 46 0.040479533 1.0 0.92375004
7300 46 0.04470543 1.0 0.9245
7400 47 0.043018255 1.0 0.92425
7500 47 0.039030544 1.0 0.92415
7600 48 0.040316395 1.0 0.92495
7700 49 0.03984251 1.0 0.92395
7800 49 0.036592446 1.0 0.925
7900 50 0.038753007 1.0 0.92505
8000 51 0.037426017 1.0 0.9245
8100 51 0.03531263 1.0 0.92475
8200 52 0.03960807 1.0 0.924
8300 53 0.03707943 1.0 0.92425
8400 53 0.036790524 1.0 0.92495
8500 54 0.034779895 1.0 0.92515004
8600 55 0.036141656 1.0 0.92534995
8700 55 0.040524714 1.0 0.92515
8800 56 0.03971601 1.0 0.925
8900 56 0.0395703 1.0 0.9246
9000 57 0.0362735 1.0 0.92445
9100 58 0.039653245 1.0 0.9249
9200 58 0.035733834 1.0 0.92509997
9300 59 0.03593143 1.0 0.92544997
9400 60 0.03551975 1.0 0.92480004
9500 60 0.03447862 1.0 0.9254
9600 61 0.043084063 1.0 0.92550004
9700 62 0.03554747 1.0 0.92579997
9800 62 0.037526518 1.0 0.9259
9900 63 0.03532668 1.0 0.92579997
10000 63 0.036738224 1.0 0.9252
10100 64 0.036609996 1.0 0.92579997
10200 65 0.034397177 1.0 0.9248
10300 65 0.035993867 1.0 0.92550004
10400 66 0.0337144 1.0 0.9253
10500 67 0.034808785 1.0 0.9247
10600 67 0.035993736 1.0 0.9255
10700 68 0.034101643 1.0 0.925
10800 69 0.03198365 1.0 0.9253
10900 69 0.03287032 1.0 0.9252
11000 70 0.03638614 1.0 0.92445
11100 71 0.03238707 1.0 0.92515004
11200 71 0.03124794 1.0 0.9257
11300 72 0.03160982 1.0 0.92544997
11400 72 0.031470295 1.0 0.92505
11500 73 0.030992433 1.0 0.92485
11600 74 0.03228735 1.0 0.92509997
11700 74 0.032518387 1.0 0.9253
11800 75 0.031470392 1.0 0.9253
11900 76 0.03186442 1.0 0.92515004
12000 76 0.034402814 1.0 0.92525
12100 77 0.036093265 1.0 0.9253
12200 78 0.03190705 1.0 0.92544997
12300 78 0.032170005 1.0 0.92525
12400 79 0.031073093 1.0 0.925
12500 79 0.032723963 1.0 0.92555

