100 0 5.46982 0.0976562 0.0606565251946
200 0 4.90994 0.117188 0.0872592180967
300 0 4.87346 0.105469 0.0932095721364
400 1 4.53268 0.121094 0.12216244638
500 1 4.45726 0.117188 0.106110975146
600 1 3.93294 0.117188 0.145365044475
700 1 4.2639 0.199219 0.199970126152
800 2 3.13946 0.296875 0.210771933198
900 2 3.13487 0.351562 0.266677200794
1000 2 3.56095 0.410156 0.297380626202
1100 2 3.42067 0.367188 0.316431939602
1200 3 2.17865 0.433594 0.265676558018
1300 3 2.21874 0.386719 0.249725028872
1400 3 2.3254 0.414062 0.263526976109
1500 3 2.08377 0.480469 0.302430212498
1600 4 1.03185 0.480469 0.24462518096
1700 4 1.14916 0.625 0.295380473137
1800 4 1.14528 0.589844 0.279178410769
1900 4 1.15288 0.566406 0.28867906332
2000 5 0.542225 0.777344 0.304130792618
2100 5 0.545672 0.800781 0.317532211542
2200 5 0.688022 0.777344 0.314181834459
2300 5 0.656665 0.828125 0.331533610821
2400 6 0.418622 0.855469 0.331483602524
2500 6 0.387927 0.921875 0.368387401104
2600 6 0.441979 0.925781 0.357236385345
2700 6 0.395656 0.976562 0.379538267851
2800 7 0.324383 0.972656 0.388539165258
2900 7 0.375412 0.984375 0.391189336777
3000 7 0.377092 0.996094 0.412491559982
3100 7 0.327952 0.992188 0.413141638041
3200 8 0.26062 1.0 0.41304153204
3300 8 0.319594 1.0 0.423092544079
3400 8 0.290363 0.996094 0.412041783333
3500 8 0.308638 1.0 0.416392147541
3600 9 0.247858 1.0 0.425542801619
3700 9 0.22063 1.0 0.435243904591
3800 9 0.262158 1.0 0.432793706656
3900 9 0.277738 1.0 0.435243964195
4000 10 0.21662 1.0 0.447195380926
4100 10 0.253473 1.0 0.44434478879
4200 10 0.253043 1.0 0.452295899391
4300 11 0.208996 1.0 0.443544745445
4400 11 0.238984 1.0 0.449745446444
4500 11 0.194856 1.0 0.451795816422
4600 11 0.213666 1.0 0.457046180964
4700 12 0.206513 1.0 0.456146240234
4800 12 0.199129 1.0 0.456346094608
4900 12 0.196807 1.0 0.454546093941
5000 12 0.230223 0.996094 0.45719602704
5100 13 0.221045 1.0 0.45824611187
5200 13 0.189093 1.0 0.453295946121
5300 13 0.228871 1.0 0.458396464586
5400 13 0.186432 1.0 0.456645935774
5500 14 0.181843 1.0 0.455095827579
5600 14 0.157513 1.0 0.460546433926
5700 14 0.172559 1.0 0.46229660511
5800 14 0.166642 1.0 0.46224668622
5900 15 0.161393 1.0 0.464646935463
6000 15 0.167352 1.0 0.461046487093
6100 15 0.194852 1.0 0.461846530437
6200 15 0.186979 0.996094 0.462996482849
6300 16 0.180427 1.0 0.463897079229
6400 16 0.157548 1.0 0.464197039604
6500 16 0.167812 1.0 0.462146699429
6600 16 0.152976 1.0 0.463596820831
6700 17 0.156747 1.0 0.463696956635
6800 17 0.150987 1.0 0.463346868753
6900 17 0.163017 1.0 0.466396927834
7000 17 0.155898 1.0 0.464746892452
7100 18 0.144202 1.0 0.464396953583
7200 18 0.162745 1.0 0.464196681976
7300 18 0.162413 1.0 0.463546663523
7400 18 0.149798 1.0 0.463546574116
7500 19 0.149376 1.0 0.464396834373
7600 19 0.156237 1.0 0.464496672153
7700 19 0.148948 1.0 0.467596948147
7800 19 0.130957 1.0 0.466947168112
7900 20 0.160603 1.0 0.467597186565
8000 20 0.158446 1.0 0.465997219086
8100 20 0.168348 1.0 0.467097401619
8200 20 0.1342 1.0 0.469547539949
8300 21 0.167503 1.0 0.467347502708
8400 21 0.14062 1.0 0.467697381973
8500 21 0.151389 1.0 0.466747105122
8600 22 0.152431 1.0 0.465947061777
8700 22 0.145178 1.0 0.465547025204
8800 22 0.137916 1.0 0.466947078705
8900 22 0.13941 1.0 0.465897023678
9000 23 0.125779 1.0 0.46724703908
9100 23 0.165813 1.0 0.465396881104
9200 23 0.133579 1.0 0.46714708209
9300 23 0.142877 1.0 0.468147158623
9400 24 0.153647 1.0 0.468046963215
9500 24 0.137559 1.0 0.467147111893
9600 24 0.142397 1.0 0.467947125435
9700 24 0.12999 1.0 0.468597143888
9800 25 0.12552 1.0 0.467847108841
9900 25 0.14012 1.0 0.468597203493
10000 25 0.15141 1.0 0.467897176743
10100 25 0.130963 1.0 0.469897329807
10200 26 0.121501 1.0 0.468297123909
10300 26 0.133079 1.0 0.468347191811
10400 26 0.147211 1.0 0.468397200108
10500 26 0.141695 1.0 0.468297213316
10600 27 0.127925 1.0 0.469347417355
10700 27 0.14799 1.0 0.467097193003
10800 27 0.15885 1.0 0.465047031641
10900 27 0.146084 1.0 0.466997206211
11000 28 0.130402 1.0 0.467797279358
11100 28 0.131782 1.0 0.468447297812
11200 28 0.113783 1.0 0.468997180462
11300 28 0.12381 1.0 0.46879735589
11400 29 0.129478 1.0 0.467747271061
11500 29 0.123817 1.0 0.468647241592
11600 29 0.138898 1.0 0.469797492027
11700 29 0.164261 1.0 0.469747394323

