100 0 5.48184 0.0859375 0.06675
200 0 5.07507 0.0820312 0.0737
300 0 5.12718 0.078125 0.10255
400 1 4.34665 0.0976562 0.09695
500 1 4.08229 0.207031 0.19995
600 1 4.71526 0.246094 0.1989
700 1 4.19992 0.199219 0.20275
800 2 3.62355 0.199219 0.22665
900 2 3.29494 0.367188 0.2846
1000 2 3.46262 0.363281 0.285
1100 2 3.34749 0.359375 0.29175
1200 3 2.47495 0.460938 0.3157
1300 3 2.45842 0.445312 0.28935
1400 3 2.24804 0.519531 0.30215
1500 3 2.7804 0.421875 0.30765
1600 4 1.47144 0.457031 0.27795
1700 4 1.25646 0.519531 0.27625
1800 4 1.36511 0.554688 0.30405
1900 4 1.51345 0.542969 0.30905
2000 5 0.810089 0.71875 0.31525
2100 5 0.84806 0.722656 0.3026
2200 5 0.837388 0.789062 0.32325
2300 5 0.84055 0.796875 0.34925
2400 6 0.579621 0.863281 0.34485
2500 6 0.476832 0.929688 0.34885
2600 6 0.475699 0.921875 0.3703
2700 6 0.428248 0.921875 0.38815
2800 7 0.32223 0.964844 0.385
2900 7 0.337816 0.992188 0.39785
3000 7 0.415546 0.988281 0.40375
3100 7 0.393587 1.0 0.4175
3200 8 0.310573 1.0 0.4089
3300 8 0.270845 1.0 0.4202
3400 8 0.276099 0.996094 0.4217
3500 8 0.359365 0.996094 0.42485
3600 9 0.225236 1.0 0.4262
3700 9 0.23577 1.0 0.43375
3800 9 0.286657 1.0 0.44145
3900 9 0.318487 1.0 0.4418
4000 10 0.233535 0.996094 0.4403
4100 10 0.19858 1.0 0.4435
4200 10 0.320565 0.992188 0.4432
4300 11 0.212402 1.0 0.4483
4400 11 0.203057 1.0 0.45255
4500 11 0.215589 1.0 0.45015
4600 11 0.202425 1.0 0.45325
4700 12 0.240466 1.0 0.45525
4800 12 0.184534 1.0 0.4596
4900 12 0.210484 1.0 0.4528
5000 12 0.238197 0.996094 0.45325
5100 13 0.22518 1.0 0.45645
5200 13 0.209265 1.0 0.45805
5300 13 0.199155 1.0 0.45635
5400 13 0.203119 1.0 0.4572
5500 14 0.244848 1.0 0.4579
5600 14 0.189773 1.0 0.45745
5700 14 0.206064 1.0 0.4579
5800 14 0.176651 1.0 0.45725
5900 15 0.195117 1.0 0.46195
6000 15 0.187112 1.0 0.45985
6100 15 0.176566 0.992188 0.46015
6200 15 0.174968 1.0 0.4608
6300 16 0.17045 1.0 0.4603
6400 16 0.208313 1.0 0.462
6500 16 0.161767 1.0 0.46125
6600 16 0.155747 1.0 0.4587
6700 17 0.151076 1.0 0.46195
6800 17 0.159493 1.0 0.4633
6900 17 0.171872 1.0 0.462
7000 17 0.169257 1.0 0.46155
7100 18 0.17171 1.0 0.46185
7200 18 0.151133 1.0 0.4622
7300 18 0.250164 0.996094 0.4653
7400 18 0.137878 1.0 0.46355
7500 19 0.172792 1.0 0.4617
7600 19 0.156248 1.0 0.4626
7700 19 0.161967 1.0 0.46395
7800 19 0.16954 1.0 0.46445
7900 20 0.144086 1.0 0.46515
8000 20 0.143025 1.0 0.4642
8100 20 0.151578 1.0 0.4662
8200 20 0.183674 1.0 0.4644
8300 21 0.1681 0.996094 0.46465
8400 21 0.147617 1.0 0.46455
8500 21 0.166212 1.0 0.4647
8600 22 0.142837 1.0 0.4657
8700 22 0.168876 1.0 0.46345
8800 22 0.195111 0.996094 0.46425
8900 22 0.173197 1.0 0.4646
9000 23 0.14701 1.0 0.46495
9100 23 0.138807 1.0 0.46605
9200 23 0.141828 1.0 0.46565
9300 23 0.147441 1.0 0.46505
9400 24 0.134585 1.0 0.46465
9500 24 0.162424 1.0 0.4649
9600 24 0.151792 1.0 0.46545
9700 24 0.150501 1.0 0.46645
9800 25 0.141426 1.0 0.46595
9900 25 0.133154 1.0 0.46575
10000 25 0.169742 0.992188 0.4669
10100 25 0.126827 1.0 0.46535
10200 26 0.134277 1.0 0.466
10300 26 0.127618 1.0 0.46545
10400 26 0.157129 1.0 0.4653
10500 26 0.144224 1.0 0.46575
10600 27 0.132303 1.0 0.4661
10700 27 0.142755 1.0 0.46625
10800 27 0.135764 1.0 0.4656
10900 27 0.136232 1.0 0.4655
11000 28 0.129468 1.0 0.4657
11100 28 0.134756 0.992188 0.46535
11200 28 0.154402 1.0 0.46575
11300 28 0.1374 1.0 0.4652
11400 29 0.134753 1.0 0.4651
11500 29 0.147124 1.0 0.46435
11600 29 0.148716 1.0 0.4653
11700 29 0.124434 1.0 0.46575

