100 0 5.34381 0.0546875 0.06695
200 0 4.99364 0.105469 0.0779
300 0 4.96211 0.078125 0.0755
400 1 4.13581 0.117188 0.11685
500 1 4.03896 0.191406 0.1517
600 1 4.22594 0.148438 0.13605
700 1 4.07011 0.242188 0.19285
800 2 3.01409 0.359375 0.24305
900 2 2.60257 0.523438 0.2921
1000 2 3.25245 0.449219 0.3125
1100 2 2.7603 0.457031 0.3169
1200 3 1.77395 0.65625 0.3091
1300 3 1.77027 0.59375 0.29115
1400 3 1.84089 0.558594 0.29885
1500 3 1.96438 0.59375 0.321
1600 4 0.855755 0.652344 0.29665
1700 4 0.808242 0.757812 0.29365
1800 4 0.83651 0.78125 0.3147
1900 4 0.807106 0.824219 0.33445
2000 5 0.474794 0.878906 0.31265
2100 5 0.488853 0.882812 0.32695
2200 5 0.530579 0.933594 0.3457
2300 5 0.4761 0.933594 0.33535
2400 6 0.418408 0.992188 0.35915
2500 6 0.39273 0.980469 0.3664
2600 6 0.414759 0.996094 0.37375
2700 6 0.367231 1.0 0.3888
2800 7 0.274173 1.0 0.3867
2900 7 0.31659 1.0 0.38025
3000 7 0.233087 1.0 0.39155
3100 7 0.251777 1.0 0.39905
3200 8 0.237408 1.0 0.4027
3300 8 0.376784 1.0 0.4037
3400 8 0.233823 1.0 0.4092
3500 8 0.290177 1.0 0.4121
3600 9 0.238803 1.0 0.4116
3700 9 0.215772 1.0 0.40785
3800 9 0.242982 1.0 0.4194
3900 9 0.20036 1.0 0.41655
4000 10 0.190494 1.0 0.422
4100 10 0.201859 1.0 0.4198
4200 10 0.182394 1.0 0.42285
4300 11 0.195129 1.0 0.42805
4400 11 0.183572 1.0 0.42295
4500 11 0.187274 1.0 0.42785
4600 11 0.184378 1.0 0.42945
4700 12 0.172076 1.0 0.432
4800 12 0.196138 1.0 0.42825
4900 12 0.199882 1.0 0.432
5000 12 0.186053 1.0 0.43285
5100 13 0.181051 1.0 0.42915
5200 13 0.15462 1.0 0.4319
5300 13 0.239555 0.996094 0.4278
5400 13 0.183412 1.0 0.4346
5500 14 0.175262 1.0 0.4381
5600 14 0.168817 1.0 0.43195
5700 14 0.150657 1.0 0.43265
5800 14 0.167796 1.0 0.4356
5900 15 0.156266 1.0 0.4329
6000 15 0.173771 1.0 0.43365
6100 15 0.16025 1.0 0.4319
6200 15 0.150462 1.0 0.43335
6300 16 0.162245 1.0 0.43695
6400 16 0.193258 0.996094 0.43785
6500 16 0.145985 1.0 0.4351
6600 16 0.157354 1.0 0.43415
6700 17 0.154366 1.0 0.43575
6800 17 0.145363 1.0 0.4355
6900 17 0.148314 1.0 0.4365
7000 17 0.136701 1.0 0.43765
7100 18 0.181109 1.0 0.43745
7200 18 0.139425 1.0 0.4359
7300 18 0.144713 1.0 0.4375
7400 18 0.142736 1.0 0.439
7500 19 0.161842 1.0 0.43635
7600 19 0.128476 1.0 0.4358
7700 19 0.14964 1.0 0.4365
7800 19 0.172414 0.992188 0.436
7900 20 0.142365 1.0 0.43575
8000 20 0.154485 1.0 0.4353
8100 20 0.159097 1.0 0.43835
8200 20 0.139536 1.0 0.43855
8300 21 0.135942 1.0 0.43795
8400 21 0.141023 0.996094 0.438
8500 21 0.147723 1.0 0.4388
8600 22 0.139957 1.0 0.44035
8700 22 0.142006 1.0 0.4383
8800 22 0.141987 1.0 0.43805
8900 22 0.123359 1.0 0.4393
9000 23 0.137472 1.0 0.44035
9100 23 0.13468 1.0 0.43985
9200 23 0.123069 1.0 0.4368
9300 23 0.134441 1.0 0.43725
9400 24 0.122766 1.0 0.43815
9500 24 0.139068 1.0 0.4399
9600 24 0.12993 1.0 0.43965
9700 24 0.12497 1.0 0.43995
9800 25 0.139813 1.0 0.4398
9900 25 0.127979 1.0 0.44095
10000 25 0.131361 1.0 0.44055
10100 25 0.138882 1.0 0.43935
10200 26 0.145721 1.0 0.44005
10300 26 0.131946 1.0 0.4395
10400 26 0.137811 1.0 0.4385
10500 26 0.135913 1.0 0.4379
10600 27 0.122547 1.0 0.4391
10700 27 0.115655 1.0 0.43975
10800 27 0.119983 1.0 0.4387
10900 27 0.128747 1.0 0.43905
11000 28 0.119426 1.0 0.4383
11100 28 0.135949 1.0 0.4389
11200 28 0.121571 1.0 0.43915
11300 28 0.130023 1.0 0.4397
11400 29 0.133159 1.0 0.43955
11500 29 0.154963 1.0 0.4389
11600 29 0.124419 1.0 0.4395
11700 29 0.119945 1.0 0.43975

