100 0 5.47533 0.0507812 0.059
200 0 5.00829 0.128906 0.102
300 0 5.06813 0.09375 0.08825
400 1 4.40536 0.136719 0.12615
500 1 4.47666 0.164062 0.1535
600 1 4.12639 0.21875 0.17555
700 1 4.26588 0.292969 0.24145
800 2 3.33753 0.320312 0.25085
900 2 3.93425 0.285156 0.24145
1000 2 3.41677 0.359375 0.3144
1100 2 3.7861 0.359375 0.30475
1200 3 2.47942 0.449219 0.31505
1300 3 2.48945 0.4375 0.2683
1400 3 2.45775 0.523438 0.29065
1500 3 2.60267 0.378906 0.295
1600 4 1.28361 0.554688 0.30115
1700 4 1.41248 0.558594 0.30965
1800 4 1.25175 0.617188 0.3276
1900 4 1.37099 0.695312 0.3487
2000 5 1.00104 0.738281 0.3432
2100 5 0.735051 0.789062 0.33815
2200 5 0.70073 0.820312 0.34655
2300 5 0.748429 0.847656 0.36905
2400 6 0.448643 0.953125 0.374
2500 6 0.412353 0.976562 0.3892
2600 6 0.464605 0.929688 0.38115
2700 6 0.445005 0.972656 0.3915
2800 7 0.333598 0.988281 0.40385
2900 7 0.365099 0.984375 0.40415
3000 7 0.372873 0.988281 0.4101
3100 7 0.35092 0.980469 0.4069
3200 8 0.283851 1.0 0.41875
3300 8 0.320398 0.992188 0.4228
3400 8 0.305754 1.0 0.42125
3500 8 0.298014 1.0 0.4311
3600 9 0.409745 1.0 0.43245
3700 9 0.249952 1.0 0.4346
3800 9 0.300447 1.0 0.43675
3900 9 0.27694 1.0 0.4411
4000 10 0.234921 1.0 0.43845
4100 10 0.229595 1.0 0.4417
4200 10 0.222455 1.0 0.44395
4300 11 0.224198 1.0 0.44135
4400 11 0.219019 1.0 0.44155
4500 11 0.19096 1.0 0.4473
4600 11 0.207565 1.0 0.445
4700 12 0.214292 1.0 0.4451
4800 12 0.221255 1.0 0.4464
4900 12 0.215637 1.0 0.44885
5000 12 0.218956 1.0 0.44835
5100 13 0.176197 1.0 0.4482
5200 13 0.193247 1.0 0.45085
5300 13 0.180686 1.0 0.44715
5400 13 0.188697 1.0 0.45085
5500 14 0.202393 1.0 0.4508
5600 14 0.175463 1.0 0.45275
5700 14 0.200127 1.0 0.4541
5800 14 0.180372 1.0 0.4496
5900 15 0.174091 1.0 0.4496
6000 15 0.197255 1.0 0.4507
6100 15 0.18957 1.0 0.4523
6200 15 0.183787 1.0 0.45145
6300 16 0.166255 1.0 0.4496
6400 16 0.159455 1.0 0.4514
6500 16 0.159444 1.0 0.45315
6600 16 0.164019 1.0 0.4503
6700 17 0.174044 1.0 0.4528
6800 17 0.154163 1.0 0.45165
6900 17 0.149016 1.0 0.45175
7000 17 0.142284 1.0 0.4511
7100 18 0.140902 1.0 0.45285
7200 18 0.150369 1.0 0.45465
7300 18 0.169514 1.0 0.45345
7400 18 0.152846 1.0 0.45145
7500 19 0.170501 1.0 0.45135
7600 19 0.144544 1.0 0.45365
7700 19 0.146909 1.0 0.45385
7800 19 0.154388 1.0 0.4544
7900 20 0.141176 1.0 0.4531
8000 20 0.156337 1.0 0.454
8100 20 0.141106 1.0 0.45285
8200 20 0.147764 1.0 0.45255
8300 21 0.147888 1.0 0.45425
8400 21 0.145903 1.0 0.4525
8500 21 0.154376 0.996094 0.454
8600 22 0.19103 0.988281 0.45405
8700 22 0.138279 1.0 0.45285
8800 22 0.131331 1.0 0.4523
8900 22 0.146796 1.0 0.4536
9000 23 0.140478 1.0 0.45275
9100 23 0.133235 1.0 0.4538
9200 23 0.131658 1.0 0.4537
9300 23 0.148519 1.0 0.45275
9400 24 0.126475 1.0 0.4525
9500 24 0.156457 1.0 0.45275
9600 24 0.144892 1.0 0.454
9700 24 0.164171 1.0 0.45185
9800 25 0.125945 1.0 0.45295
9900 25 0.130191 1.0 0.45405
10000 25 0.144445 1.0 0.45445
10100 25 0.14009 1.0 0.455
10200 26 0.124769 1.0 0.4539
10300 26 0.146137 1.0 0.45355
10400 26 0.159381 1.0 0.4533
10500 26 0.126842 1.0 0.45455
10600 27 0.149912 1.0 0.4545
10700 27 0.13685 1.0 0.45455
10800 27 0.153074 1.0 0.4549
10900 27 0.13884 0.996094 0.4546
11000 28 0.125122 1.0 0.4537
11100 28 0.130153 1.0 0.45285
11200 28 0.145644 1.0 0.45435
11300 28 0.126273 1.0 0.45365
11400 29 0.153355 0.996094 0.45465
11500 29 0.142295 1.0 0.45415
11600 29 0.138472 1.0 0.4552
11700 29 0.149951 1.0 0.45375

