100 0 5.4299 0.0820312 0.0813
200 0 4.91641 0.128906 0.09715
300 0 4.94204 0.105469 0.09525
400 1 4.3178 0.113281 0.0969
500 1 4.2492 0.101562 0.1199
600 1 4.00116 0.1875 0.17145
700 1 4.32851 0.167969 0.12825
800 2 3.17366 0.339844 0.25855
900 2 3.33057 0.296875 0.2781
1000 2 3.40769 0.386719 0.3075
1100 2 3.19263 0.363281 0.29685
1200 3 2.10396 0.527344 0.30545
1300 3 2.03777 0.671875 0.3267
1400 3 2.36453 0.507812 0.336
1500 3 2.52728 0.488281 0.30775
1600 4 1.14893 0.824219 0.3424
1700 4 1.32094 0.785156 0.3457
1800 4 1.28149 0.738281 0.35035
1900 4 1.13694 0.835938 0.3532
2000 5 0.772412 0.910156 0.3633
2100 5 0.754193 0.941406 0.362
2200 5 0.733559 0.933594 0.3659
2300 5 0.707924 0.90625 0.35995
2400 6 0.460536 0.964844 0.3756
2500 6 0.388675 0.976562 0.38255
2600 6 0.449003 0.988281 0.38755
2700 6 0.452333 0.996094 0.3866
2800 7 0.360739 1.0 0.3964
2900 7 0.281359 0.996094 0.402
3000 7 0.399264 1.0 0.4055
3100 7 0.302103 1.0 0.40835
3200 8 0.314169 0.996094 0.4077
3300 8 0.28517 1.0 0.4079
3400 8 0.301684 1.0 0.4128
3500 8 0.268976 1.0 0.41475
3600 9 0.258231 0.992188 0.4181
3700 9 0.261915 1.0 0.4196
3800 9 0.249972 1.0 0.4198
3900 9 0.257087 1.0 0.42365
4000 10 0.249303 1.0 0.42005
4100 10 0.27647 1.0 0.4235
4200 10 0.224423 1.0 0.42465
4300 11 0.206372 1.0 0.4219
4400 11 0.24592 0.996094 0.426
4500 11 0.248927 1.0 0.4225
4600 11 0.2355 1.0 0.42715
4700 12 0.194343 1.0 0.4297
4800 12 0.195569 1.0 0.4276
4900 12 0.175819 1.0 0.42795
5000 12 0.193106 1.0 0.42925
5100 13 0.203431 1.0 0.42895
5200 13 0.235819 1.0 0.4292
5300 13 0.194573 1.0 0.42925
5400 13 0.210308 1.0 0.42995
5500 14 0.206542 1.0 0.4307
5600 14 0.186111 1.0 0.4289
5700 14 0.180327 1.0 0.4311
5800 14 0.153248 1.0 0.432
5900 15 0.167714 1.0 0.4303
6000 15 0.178945 1.0 0.42925
6100 15 0.149044 1.0 0.42985
6200 15 0.179634 1.0 0.4307
6300 16 0.15415 1.0 0.4291
6400 16 0.184655 1.0 0.43255
6500 16 0.196491 0.992188 0.43225
6600 16 0.1657 0.992188 0.43215
6700 17 0.163688 1.0 0.43215
6800 17 0.156401 1.0 0.4312
6900 17 0.183823 1.0 0.43315
7000 17 0.153798 1.0 0.432
7100 18 0.169016 1.0 0.43235
7200 18 0.146609 1.0 0.4322
7300 18 0.177702 1.0 0.43185
7400 18 0.172587 0.996094 0.43205
7500 19 0.157712 1.0 0.43375
7600 19 0.151681 1.0 0.43125
7700 19 0.13694 1.0 0.4319
7800 19 0.148365 0.996094 0.4311
7900 20 0.138134 1.0 0.4319
8000 20 0.14433 1.0 0.4329
8100 20 0.160365 1.0 0.43205
8200 20 0.153181 1.0 0.43315
8300 21 0.131006 1.0 0.4329
8400 21 0.152468 1.0 0.4325
8500 21 0.136183 1.0 0.43425
8600 22 0.146662 1.0 0.43245
8700 22 0.133799 1.0 0.43265
8800 22 0.129803 1.0 0.4334
8900 22 0.145238 1.0 0.4332
9000 23 0.133142 1.0 0.4337
9100 23 0.131125 1.0 0.4327
9200 23 0.148249 1.0 0.4337
9300 23 0.124906 1.0 0.43425
9400 24 0.165933 1.0 0.43365
9500 24 0.128349 1.0 0.4339
9600 24 0.136175 1.0 0.43405
9700 24 0.126067 1.0 0.43395
9800 25 0.128893 1.0 0.4337
9900 25 0.139992 1.0 0.43365
10000 25 0.149612 1.0 0.4327
10100 25 0.15824 1.0 0.4333
10200 26 0.127698 1.0 0.43355
10300 26 0.143613 1.0 0.43445
10400 26 0.140611 1.0 0.43435
10500 26 0.154007 1.0 0.4342
10600 27 0.168944 1.0 0.4349
10700 27 0.127047 1.0 0.4347
10800 27 0.129201 1.0 0.4347
10900 27 0.158969 1.0 0.43455
11000 28 0.133761 1.0 0.43395
11100 28 0.146228 1.0 0.4339
11200 28 0.158248 1.0 0.43425
11300 28 0.138611 1.0 0.4343
11400 29 0.128464 1.0 0.43415
11500 29 0.139169 1.0 0.4339
11600 29 0.157944 1.0 0.4341
11700 29 0.118706 1.0 0.4346

