100 0 5.48972 0.105469 0.0805
200 0 5.12636 0.136719 0.10705
300 0 5.04393 0.113281 0.0983
400 1 4.16435 0.136719 0.1249
500 1 4.41091 0.15625 0.1564
600 1 4.27887 0.207031 0.17895
700 1 4.34186 0.183594 0.16105
800 2 3.48032 0.289062 0.2463
900 2 3.1785 0.378906 0.2598
1000 2 3.45267 0.425781 0.29605
1100 2 3.60261 0.394531 0.3135
1200 3 2.35382 0.636719 0.34965
1300 3 2.21881 0.644531 0.3606
1400 3 2.43316 0.632812 0.3556
1500 3 2.28136 0.578125 0.3567
1600 4 1.31088 0.84375 0.36725
1700 4 1.28794 0.796875 0.3536
1800 4 1.39413 0.839844 0.36115
1900 4 1.45776 0.800781 0.3667
2000 5 0.793604 0.929688 0.3637
2100 5 0.705017 0.941406 0.3722
2200 5 0.736966 0.941406 0.3681
2300 5 0.881716 0.925781 0.371
2400 6 0.524319 0.996094 0.38135
2500 6 0.506329 1.0 0.3838
2600 6 0.515059 0.988281 0.38895
2700 6 0.469337 0.992188 0.3864
2800 7 0.36679 1.0 0.389
2900 7 0.377438 0.992188 0.39355
3000 7 0.345834 1.0 0.3941
3100 7 0.347278 1.0 0.3991
3200 8 0.305574 0.996094 0.4029
3300 8 0.330896 1.0 0.4033
3400 8 0.266803 1.0 0.4052
3500 8 0.275897 1.0 0.4066
3600 9 0.250456 1.0 0.40305
3700 9 0.279531 1.0 0.4067
3800 9 0.260649 1.0 0.40835
3900 9 0.279617 1.0 0.4122
4000 10 0.262867 1.0 0.4132
4100 10 0.22949 1.0 0.4091
4200 10 0.264015 1.0 0.4125
4300 11 0.215049 1.0 0.41365
4400 11 0.225425 1.0 0.4158
4500 11 0.268029 1.0 0.4166
4600 11 0.181206 1.0 0.41745
4700 12 0.183872 1.0 0.41645
4800 12 0.238559 1.0 0.4141
4900 12 0.228578 0.992188 0.4184
5000 12 0.209823 1.0 0.41535
5100 13 0.178219 1.0 0.4169
5200 13 0.211168 1.0 0.41875
5300 13 0.182593 1.0 0.41995
5400 13 0.225446 1.0 0.41955
5500 14 0.232577 1.0 0.41985
5600 14 0.175244 1.0 0.41895
5700 14 0.163431 1.0 0.4186
5800 14 0.191857 1.0 0.4194
5900 15 0.203337 1.0 0.41995
6000 15 0.171859 1.0 0.41915
6100 15 0.171573 1.0 0.4195
6200 15 0.1728 1.0 0.4206
6300 16 0.15038 1.0 0.41995
6400 16 0.193925 1.0 0.4217
6500 16 0.170062 1.0 0.42175
6600 16 0.212157 1.0 0.42075
6700 17 0.158868 1.0 0.4204
6800 17 0.164149 1.0 0.42035
6900 17 0.145322 1.0 0.42205
7000 17 0.145739 1.0 0.42005
7100 18 0.195494 1.0 0.4216
7200 18 0.149818 1.0 0.42185
7300 18 0.158205 1.0 0.4225
7400 18 0.172766 1.0 0.4233
7500 19 0.168836 1.0 0.41985
7600 19 0.142992 1.0 0.41985
7700 19 0.194085 1.0 0.42285
7800 19 0.188405 1.0 0.4219
7900 20 0.150323 1.0 0.4225
8000 20 0.148008 1.0 0.423
8100 20 0.160097 1.0 0.42275
8200 20 0.163603 1.0 0.4216
8300 21 0.144645 1.0 0.42155
8400 21 0.161604 0.992188 0.4221
8500 21 0.152567 1.0 0.4214
8600 22 0.155562 1.0 0.42255
8700 22 0.137053 1.0 0.422
8800 22 0.146812 1.0 0.421
8900 22 0.159338 1.0 0.4216
9000 23 0.168985 1.0 0.4226
9100 23 0.164051 1.0 0.42145
9200 23 0.146439 1.0 0.42165
9300 23 0.144243 1.0 0.42325
9400 24 0.155678 1.0 0.42325
9500 24 0.150909 1.0 0.42375
9600 24 0.144437 1.0 0.42345
9700 24 0.16775 1.0 0.42305
9800 25 0.160422 1.0 0.42275
9900 25 0.158303 1.0 0.42335
10000 25 0.136893 0.996094 0.42365
10100 25 0.144872 1.0 0.42225
10200 26 0.132693 1.0 0.4231
10300 26 0.153277 0.992188 0.4218
10400 26 0.138421 1.0 0.4229
10500 26 0.125075 1.0 0.42305
10600 27 0.131671 1.0 0.4221
10700 27 0.149564 1.0 0.42215
10800 27 0.131814 1.0 0.4224
10900 27 0.13873 1.0 0.42225
11000 28 0.126944 1.0 0.42235
11100 28 0.132763 1.0 0.4233
11200 28 0.177464 0.996094 0.42255
11300 28 0.14372 1.0 0.4221
11400 29 0.147691 1.0 0.4232
11500 29 0.135275 1.0 0.424
11600 29 0.152352 1.0 0.4236
11700 29 0.152031 1.0 0.4233

