100 0 0.98735106 0.6796875 0.704
200 0 0.86198246 0.78515625 0.78244996
300 0 0.64181143 0.828125 0.79515004
400 1 0.51399934 0.84765625 0.82745004
500 1 0.63464165 0.85546875 0.8476
600 1 0.73682445 0.81640625 0.84150004
700 2 0.49066734 0.92578125 0.8887
800 2 0.50237775 0.9375 0.90569997
900 2 0.49205983 0.90625 0.8936
1000 3 0.3678668 0.92578125 0.90105
1100 3 0.49472356 0.92578125 0.90505
1200 3 0.3991439 0.953125 0.90040004
1300 4 0.2919084 0.96875 0.91265
1400 4 0.32190606 0.9453125 0.90345
1500 4 0.34525383 0.94140625 0.9133
1600 5 0.2009317 0.98046875 0.91040003
1700 5 0.2628127 0.9609375 0.90985
1800 5 0.24904507 0.97265625 0.9218
1900 6 0.20533097 0.98046875 0.91255
2000 6 0.24063762 0.9609375 0.9103
2100 6 0.21058524 0.9453125 0.90304995
2200 7 0.18448177 0.96875 0.9207
2300 7 0.19963759 0.98828125 0.9221
2400 7 0.19613032 0.9609375 0.91895
2500 7 0.18163724 0.984375 0.91480005
2600 8 0.1478012 0.984375 0.9072
2700 8 0.18708839 0.98828125 0.9193
2800 8 0.18196896 0.9921875 0.92684996
2900 9 0.13230997 0.98046875 0.91635
3000 9 0.14766082 0.98828125 0.92305005
3100 9 0.12285523 0.984375 0.92395
3200 10 0.11855723 0.98046875 0.92535
3300 10 0.11306228 0.96484375 0.90995
3400 10 0.13857284 0.984375 0.92345
3500 11 0.08853754 1.0 0.91894996
3600 11 0.10646537 1.0 0.9282
3700 11 0.09260822 0.9921875 0.92085004
3800 12 0.10829961 1.0 0.9263
3900 12 0.08974715 1.0 0.92639995
4000 12 0.07751127 1.0 0.92649996
4100 13 0.088620774 1.0 0.92635
4200 13 0.07972817 1.0 0.93105
4300 13 0.09034761 1.0 0.9283
4400 14 0.08696747 1.0 0.93005
4500 14 0.083968386 1.0 0.92824996
4600 14 0.08452566 0.99609375 0.9306
4700 15 0.088541135 1.0 0.92945004
4800 15 0.073166505 1.0 0.9289
4900 15 0.06915121 1.0 0.9273
5000 15 0.06882024 1.0 0.9319
5100 16 0.06980759 1.0 0.92789996
5200 16 0.06658227 1.0 0.9281
5300 16 0.06780494 1.0 0.93105
5400 17 0.070152834 0.99609375 0.9299
5500 17 0.07339368 1.0 0.9314
5600 17 0.06597617 1.0 0.9309
5700 18 0.06565013 1.0 0.9333
5800 18 0.066334024 1.0 0.9331
5900 18 0.06562671 1.0 0.93410003
6000 19 0.07474075 1.0 0.9331
6100 19 0.06868676 1.0 0.9342
6200 19 0.07092815 1.0 0.93149996
6300 20 0.05983111 1.0 0.9327
6400 20 0.06172929 1.0 0.93365
6500 20 0.061702885 1.0 0.9315
6600 21 0.05944229 1.0 0.9354
6700 21 0.06036844 1.0 0.93525004
6800 21 0.06446015 1.0 0.93425
6900 22 0.063199885 1.0 0.9322
7000 22 0.056972682 1.0 0.934
7100 22 0.055359744 1.0 0.9331
7200 23 0.051945616 1.0 0.93544996
7300 23 0.05049084 1.0 0.93640006
7400 23 0.05749234 1.0 0.93565
7500 23 0.060429983 1.0 0.9352
7600 24 0.05913002 1.0 0.934
7700 24 0.051257268 1.0 0.93505
7800 24 0.051097896 1.0 0.9345
7900 25 0.05568694 1.0 0.93490005
8000 25 0.052867077 1.0 0.93585
8100 25 0.051192537 1.0 0.93605
8200 26 0.051162444 1.0 0.93575
8300 26 0.057701398 1.0 0.93575
8400 26 0.05220347 1.0 0.9342
8500 27 0.054528788 1.0 0.935
8600 27 0.055813614 1.0 0.93410003
8700 27 0.048735775 1.0 0.9364
8800 28 0.048038647 1.0 0.93605
8900 28 0.046533737 1.0 0.9361
9000 28 0.05273463 1.0 0.9365
9100 29 0.051066592 1.0 0.93585
9200 29 0.051149584 1.0 0.93555
9300 29 0.05343896 1.0 0.9362
9400 30 0.050366268 1.0 0.9348
9500 30 0.05006638 1.0 0.93705
9600 30 0.046936937 1.0 0.93560004
9700 31 0.046530895 1.0 0.93575
9800 31 0.058223754 1.0 0.93555
9900 31 0.04490867 1.0 0.93715
10000 31 0.04660509 1.0 0.9368
10100 32 0.046889484 1.0 0.93710005
10200 32 0.044257533 1.0 0.936
10300 32 0.052619994 1.0 0.93595004
10400 33 0.044886015 1.0 0.93694997
10500 33 0.04647164 1.0 0.9365
10600 33 0.05451914 1.0 0.93700004
10700 34 0.0517753 1.0 0.9369
10800 34 0.049355615 1.0 0.93555
10900 34 0.04847978 1.0 0.9382
11000 35 0.043518893 1.0 0.93635
11100 35 0.049665377 1.0 0.93625
11200 35 0.04832533 1.0 0.9364
11300 36 0.047685437 1.0 0.93675
11400 36 0.049593873 1.0 0.93585
11500 36 0.047091514 1.0 0.93575
11600 37 0.045764968 1.0 0.93780005
11700 37 0.04731999 1.0 0.93745
11800 37 0.050265733 1.0 0.93785
11900 38 0.057761125 1.0 0.93775
12000 38 0.04469062 1.0 0.93795
12100 38 0.045165226 1.0 0.93645
12200 39 0.046047296 1.0 0.9365
12300 39 0.045735523 1.0 0.93710005
12400 39 0.048708953 1.0 0.9369
12500 39 0.04782572 1.0 0.9364

