100 0 1.0282364 0.57421875 0.5696
200 0 0.92449796 0.6875 0.6823
300 0 0.67363507 0.73828125 0.70285
400 1 0.59860194 0.8046875 0.75115
500 1 0.5918931 0.82421875 0.7971
600 1 0.60534835 0.78125 0.80754995
700 2 0.53846633 0.89453125 0.8571
800 2 0.5481433 0.85546875 0.88795
900 2 0.57268256 0.90625 0.8958
1000 3 0.4208354 0.94921875 0.89415
1100 3 0.37212342 0.95703125 0.90335
1200 3 0.34701258 0.95703125 0.90849996
1300 4 0.43138772 0.93359375 0.91104996
1400 4 0.36510342 0.93359375 0.9002
1500 4 0.3511321 0.96875 0.92075
1600 5 0.25678402 0.984375 0.9174
1700 5 0.22021104 0.97265625 0.91215
1800 5 0.29835495 0.953125 0.91385
1900 6 0.17983457 0.984375 0.91905
2000 6 0.29005504 0.98828125 0.91135
2100 6 0.1859735 0.97265625 0.9156
2200 7 0.16744532 0.9609375 0.89055
2300 7 0.16454957 0.9921875 0.9183
2400 7 0.16565743 0.98046875 0.91565
2500 7 0.14191848 0.97265625 0.91325
2600 8 0.14135815 0.9921875 0.91785
2700 8 0.12427994 0.96484375 0.91345
2800 8 0.13576795 0.9921875 0.9193
2900 9 0.12402356 0.984375 0.9072
3000 9 0.11770535 1.0 0.92065
3100 9 0.11342369 1.0 0.91475
3200 10 0.09343372 1.0 0.92135
3300 10 0.1048735 0.99609375 0.92060006
3400 10 0.12239206 1.0 0.92505
3500 11 0.08508532 1.0 0.92625
3600 11 0.08309569 1.0 0.9247
3700 11 0.084968835 1.0 0.9245
3800 12 0.08459461 1.0 0.9267
3900 12 0.08249031 0.99609375 0.92289996
4000 12 0.08270562 1.0 0.9263
4100 13 0.08072023 1.0 0.9268
4200 13 0.080747806 1.0 0.92775
4300 13 0.076044604 1.0 0.9276
4400 14 0.07383583 1.0 0.9281
4500 14 0.070544444 1.0 0.9263
4600 14 0.06969114 1.0 0.92700005
4700 15 0.079718135 1.0 0.92675
4800 15 0.07063757 1.0 0.92789996
4900 15 0.06830864 1.0 0.9281
5000 15 0.06190909 1.0 0.927
5100 16 0.06757936 1.0 0.92700005
5200 16 0.06385752 1.0 0.92755
5300 16 0.058105633 1.0 0.92915
5400 17 0.061984986 1.0 0.9269
5500 17 0.056972146 1.0 0.92885
5600 17 0.068871364 1.0 0.9295
5700 18 0.054873675 1.0 0.9272
5800 18 0.059015717 1.0 0.9282
5900 18 0.06103028 1.0 0.92840004
6000 19 0.05527733 1.0 0.9281
6100 19 0.05780199 1.0 0.9287
6200 19 0.050495513 1.0 0.92715
6300 20 0.052352726 1.0 0.9288
6400 20 0.053194012 1.0 0.92925
6500 20 0.052724123 1.0 0.92955
6600 21 0.056653254 1.0 0.929
6700 21 0.050539985 1.0 0.93
6800 21 0.05262483 1.0 0.9309
6900 22 0.05672616 1.0 0.92995
7000 22 0.05117744 1.0 0.92999995
7100 22 0.053463377 1.0 0.92985
7200 23 0.057476662 1.0 0.92939997
7300 23 0.047772396 1.0 0.93015003
7400 23 0.048677668 1.0 0.92955
7500 23 0.05021203 1.0 0.92945004
7600 24 0.05238288 1.0 0.9302
7700 24 0.049328603 1.0 0.92915
7800 24 0.04678224 1.0 0.92939997
7900 25 0.05175302 1.0 0.92965
8000 25 0.04866486 1.0 0.93
8100 25 0.05080343 1.0 0.9301
8200 26 0.04784993 1.0 0.9297
8300 26 0.04961741 1.0 0.92955
8400 26 0.047925897 1.0 0.9287
8500 27 0.049349796 1.0 0.92985
8600 27 0.048625916 1.0 0.9298
8700 27 0.051440936 1.0 0.9307
8800 28 0.046227198 1.0 0.9304
8900 28 0.04756707 1.0 0.93065
9000 28 0.044758998 1.0 0.93035
9100 29 0.046686977 1.0 0.9304
9200 29 0.046188377 1.0 0.9301
9300 29 0.04881881 1.0 0.92999995
9400 30 0.044949792 1.0 0.92985
9500 30 0.04940654 1.0 0.9306
9600 30 0.044810817 1.0 0.92980003
9700 31 0.049150165 1.0 0.93065
9800 31 0.048263643 1.0 0.93005
9900 31 0.039816417 1.0 0.92985
10000 31 0.04310237 1.0 0.93
10100 32 0.052117385 1.0 0.92995
10200 32 0.042940877 1.0 0.93075
10300 32 0.043911554 1.0 0.9307
10400 33 0.042821087 1.0 0.9307
10500 33 0.04653328 1.0 0.93045
10600 33 0.042973094 1.0 0.93044996
10700 34 0.04956042 1.0 0.9302
10800 34 0.040928908 1.0 0.93025
10900 34 0.04187659 1.0 0.93045
11000 35 0.041028187 1.0 0.9304
11100 35 0.044436157 1.0 0.93025
11200 35 0.040667556 1.0 0.93050003
11300 36 0.04572943 1.0 0.93050003
11400 36 0.041856818 1.0 0.9303
11500 36 0.043363266 1.0 0.93105
11600 37 0.04359099 1.0 0.9303
11700 37 0.04561977 1.0 0.93035
11800 37 0.041787717 1.0 0.93009996
11900 38 0.04366514 1.0 0.9304
12000 38 0.04397449 1.0 0.93025005
12100 38 0.041974463 1.0 0.9304
12200 39 0.039251253 1.0 0.93075
12300 39 0.042665258 1.0 0.93009996
12400 39 0.039412837 1.0 0.9304
12500 39 0.041136295 1.0 0.93035

