100 0 1.0143765 0.58984375 0.57585
200 0 0.8614068 0.79296875 0.77709997
300 0 0.63368756 0.81640625 0.76164997
400 1 0.68498063 0.80859375 0.8205
500 1 0.48305333 0.89453125 0.8442
600 1 0.57437956 0.88671875 0.8512
700 2 0.4624432 0.94140625 0.88825
800 2 0.44462782 0.89453125 0.87995
900 2 0.6277424 0.8828125 0.89584994
1000 3 0.39792454 0.9375 0.9002
1100 3 0.5074214 0.9453125 0.92045
1200 3 0.36825553 0.9609375 0.9159
1300 4 0.34967393 0.9453125 0.92005
1400 4 0.3395675 0.93359375 0.90855
1500 4 0.32831165 0.95703125 0.91690004
1600 5 0.25195876 0.9375 0.9037
1700 5 0.2795689 0.9453125 0.91155005
1800 5 0.2509971 0.95703125 0.91935
1900 6 0.2153896 0.953125 0.9094
2000 6 0.21113268 0.96484375 0.89985
2100 6 0.24105236 0.9765625 0.9122
2200 7 0.21528217 0.9765625 0.91260004
2300 7 0.18601614 0.9765625 0.9179
2400 7 0.17945941 0.984375 0.92515004
2500 7 0.16953094 0.98046875 0.9151
2600 8 0.13171229 0.99609375 0.91265
2700 8 0.13992967 0.99609375 0.92685
2800 8 0.17840782 0.9609375 0.91585
2900 9 0.122677386 0.9609375 0.91585
3000 9 0.11967731 0.98046875 0.9144
3100 9 0.12274136 0.98046875 0.91425
3200 10 0.108485945 0.9609375 0.9148
3300 10 0.1472032 0.9921875 0.92575
3400 10 0.12263082 0.98828125 0.91655004
3500 11 0.09532794 0.98046875 0.9139
3600 11 0.1177838 0.9921875 0.92275
3700 11 0.092216685 1.0 0.92770004
3800 12 0.09223586 0.99609375 0.9265
3900 12 0.0949136 0.99609375 0.92795
4000 12 0.09051104 1.0 0.9293
4100 13 0.083827384 1.0 0.9296
4200 13 0.0789745 1.0 0.9318
4300 13 0.084305465 1.0 0.92855
4400 14 0.08197121 1.0 0.93085
4500 14 0.07260803 1.0 0.9298
4600 14 0.07690105 1.0 0.93130004
4700 15 0.07407949 1.0 0.93369997
4800 15 0.07346511 1.0 0.9302
4900 15 0.08371729 1.0 0.93149996
5000 15 0.07647085 1.0 0.93145
5100 16 0.06522967 0.99609375 0.929
5200 16 0.07675558 1.0 0.9319
5300 16 0.07458575 1.0 0.9329
5400 17 0.06535895 1.0 0.93254995
5500 17 0.06750189 1.0 0.93185
5600 17 0.07136613 1.0 0.9319
5700 18 0.063031614 1.0 0.9327
5800 18 0.063459784 1.0 0.93385
5900 18 0.07339545 1.0 0.93295
6000 19 0.06018532 1.0 0.9343
6100 19 0.06223995 1.0 0.93025
6200 19 0.06087125 1.0 0.93359995
6300 20 0.05513397 1.0 0.93525004
6400 20 0.05927445 1.0 0.93395
6500 20 0.05408282 1.0 0.93375003
6600 21 0.058269 1.0 0.93295
6700 21 0.073726796 1.0 0.93410003
6800 21 0.063046165 1.0 0.93345
6900 22 0.050593615 1.0 0.93365
7000 22 0.05628658 1.0 0.93235004
7100 22 0.05966956 1.0 0.93595
7200 23 0.05251495 1.0 0.9345
7300 23 0.050835326 1.0 0.93505
7400 23 0.055322476 1.0 0.93455
7500 23 0.05196027 1.0 0.93565
7600 24 0.050810993 1.0 0.93535
7700 24 0.050197195 1.0 0.9321
7800 24 0.05616408 1.0 0.93605
7900 25 0.057180613 1.0 0.936
8000 25 0.057245024 1.0 0.93585
8100 25 0.050615236 1.0 0.93535
8200 26 0.05239468 1.0 0.93334997
8300 26 0.048203457 1.0 0.93525
2018-08-06 14:00:35.200590: W tensorflow/core/common_runtime/bfc_allocator.cc:217] Allocator (GPU_0_bfc) ran out of memory trying to allocate 1.37GiB. The caller indicates that this is not a failure, but may mean that there could be performance gains if more memory is available.
2018-08-06 14:00:35.200676: W tensorflow/stream_executor/cuda/cuda_dnn.cc:2223] 
8400 26 0.04927034 1.0 0.9354
8500 27 0.049499013 1.0 0.9368
8600 27 0.05021939 1.0 0.93659997
8700 27 0.051166154 1.0 0.93544996
8800 28 0.052088067 1.0 0.93555
8900 28 0.04942326 1.0 0.9357
9000 28 0.055498093 1.0 0.93614995
9100 29 0.047604606 1.0 0.93729997
9200 29 0.04638139 1.0 0.93605
9300 29 0.056733005 1.0 0.93595004
9400 30 0.04972662 1.0 0.93665004
9500 30 0.046437107 1.0 0.93659997
9600 30 0.048969418 1.0 0.93695
9700 31 0.045862913 1.0 0.93754995
9800 31 0.04790158 1.0 0.93700004
2018-08-06 14:01:11.011195: W tensorflow/core/common_runtime/bfc_allocator.cc:217] Allocator (GPU_0_bfc) ran out of memory trying to allocate 1.37GiB. The caller indicates that this is not a failure, but may mean that there could be performance gains if more memory is available.
2018-08-06 14:01:11.011250: W tensorflow/stream_executor/cuda/cuda_dnn.cc:2223] 
9900 31 0.050012708 1.0 0.9369
10000 31 0.045280516 1.0 0.93685
10100 32 0.0501511 1.0 0.93729997
10200 32 0.052226402 1.0 0.9374
10300 32 0.04399326 1.0 0.9371
10400 33 0.046472244 1.0 0.93725
2018-08-06 14:01:25.491496: W tensorflow/stream_executor/cuda/cuda_dnn.cc:2223] 
10500 33 0.04302769 1.0 0.93840003
10600 33 0.04623291 1.0 0.93755
10700 34 0.0445285 1.0 0.9372
10800 34 0.05077174 1.0 0.9374
10900 34 0.04790513 1.0 0.9372
11000 35 0.0459212 1.0 0.93719995
2018-08-06 14:01:39.975653: W tensorflow/stream_executor/cuda/cuda_dnn.cc:2223] 
11100 35 0.056239955 1.0 0.9375
11200 35 0.043762688 1.0 0.9375
11300 36 0.045476966 1.0 0.93770003
11400 36 0.046939887 1.0 0.93754995
11500 36 0.04586265 1.0 0.93770003
11600 37 0.046156213 1.0 0.93755
11700 37 0.04485253 1.0 0.9379
11800 37 0.045922536 1.0 0.93775
11900 38 0.04250394 1.0 0.93745005
12000 38 0.043375034 1.0 0.93725
12100 38 0.052557483 1.0 0.93780005
12200 39 0.044694673 1.0 0.9379
12300 39 0.045550358 1.0 0.93770003
12400 39 0.051052615 1.0 0.9376
12500 39 0.048767306 1.0 0.93764997

