100 0 1.0169759 0.69140625 0.72385
200 0 0.8523688 0.82421875 0.82694995
300 0 0.6388621 0.8984375 0.83570004
400 1 0.67950445 0.90234375 0.85635
500 1 0.63529444 0.87890625 0.8824
600 1 0.5380952 0.92578125 0.89395
700 2 0.5831395 0.91015625 0.89849997
800 2 0.43957737 0.91796875 0.89775
900 2 0.54568386 0.91796875 0.9138
1000 3 0.3521577 0.92578125 0.9077
1100 3 0.5418098 0.91796875 0.91754997
1200 3 0.411027 0.95703125 0.91980004
1300 4 0.33861274 0.93359375 0.90375
1400 4 0.3275766 0.96875 0.9223
1500 4 0.2709122 0.9765625 0.9232
1600 5 0.32268757 0.96484375 0.91625
1700 5 0.31396246 0.96484375 0.92254996
1800 5 0.24887322 0.96875 0.92225003
1900 6 0.2522776 0.98046875 0.9138
2000 6 0.20768933 0.98828125 0.91865003
2100 6 0.2427546 0.98046875 0.92085
2200 7 0.18768485 0.984375 0.91625
2300 7 0.15458533 0.98828125 0.9225
2400 7 0.19107339 0.9921875 0.9206
2500 7 0.16022463 0.98046875 0.9196
2600 8 0.1647446 0.984375 0.92375
2700 8 0.17909274 0.984375 0.91859996
2800 8 0.1689775 0.9921875 0.9253
2900 9 0.12014587 1.0 0.921
3000 9 0.1377329 0.99609375 0.92575
3100 9 0.10604034 1.0 0.9268
3200 10 0.1069081 0.99609375 0.9277
3300 10 0.119318254 1.0 0.9286
3400 10 0.10623377 1.0 0.92945004
3500 11 0.12737074 0.99609375 0.93009996
3600 11 0.09888997 1.0 0.9289
3700 11 0.11038789 1.0 0.93025
3800 12 0.09193098 1.0 0.9316
3900 12 0.09589629 1.0 0.93085
4000 12 0.0964795 1.0 0.93185
4100 13 0.086550325 1.0 0.93255
4200 13 0.09601237 0.99609375 0.9338
4300 13 0.09787599 1.0 0.93175
4400 14 0.091732696 1.0 0.93455
4500 14 0.07310146 1.0 0.93415
4600 14 0.07666028 1.0 0.9325
4700 15 0.079625964 1.0 0.9326
4800 15 0.066708066 1.0 0.93
4900 15 0.07714385 1.0 0.935
5000 15 0.06766997 1.0 0.9306
5100 16 0.07457205 1.0 0.9324
5200 16 0.06931673 1.0 0.93575
5300 16 0.07075933 1.0 0.9328
5400 17 0.06538681 1.0 0.93515
5500 17 0.061632425 1.0 0.9352
5600 17 0.067816764 1.0 0.93545
5700 18 0.07460834 1.0 0.93525004
5800 18 0.073424846 1.0 0.93410003
5900 18 0.058755405 1.0 0.93579996
6000 19 0.06282105 1.0 0.93649995
6100 19 0.06905262 1.0 0.93614995
6200 19 0.06679121 1.0 0.93475
6300 20 0.052072108 1.0 0.93645
6400 20 0.053388868 1.0 0.936
6500 20 0.059469834 1.0 0.93649995
6600 21 0.055916198 1.0 0.93645
6700 21 0.057100773 1.0 0.9367
6800 21 0.056776308 1.0 0.93675
6900 22 0.05335055 1.0 0.93630004
7000 22 0.055433102 1.0 0.93605
7100 22 0.0542264 1.0 0.9364
7200 23 0.060703162 1.0 0.93705
7300 23 0.051267527 1.0 0.93694997
7400 23 0.05442871 1.0 0.9367
7500 23 0.057395913 1.0 0.93575
7600 24 0.06024976 1.0 0.936
7700 24 0.05131466 1.0 0.9368
7800 24 0.05055704 1.0 0.9362
7900 25 0.0516774 1.0 0.93665004
8000 25 0.05293118 1.0 0.9365
8100 25 0.052819826 1.0 0.9374
8200 26 0.055523045 1.0 0.93705
8300 26 0.046240203 1.0 0.9374
8400 26 0.049357846 1.0 0.9368
8500 27 0.05050351 1.0 0.93770003
8600 27 0.05008503 1.0 0.9374
8700 27 0.05793155 1.0 0.93745
8800 28 0.051953882 1.0 0.9376
8900 28 0.053202543 1.0 0.93665004
9000 28 0.050199825 1.0 0.93764997
9100 29 0.04453597 1.0 0.93805003
9200 29 0.048140094 1.0 0.93694997
9300 29 0.046354126 1.0 0.9378
9400 30 0.047891952 1.0 0.9381
9500 30 0.045883164 1.0 0.93745
9600 30 0.05280997 1.0 0.93780005
9700 31 0.049325082 1.0 0.93755
9800 31 0.04871919 1.0 0.9383
9900 31 0.047043372 1.0 0.93764997
10000 31 0.04615208 1.0 0.93785
10100 32 0.052010626 1.0 0.93785
10200 32 0.048479863 1.0 0.93855
10300 32 0.047410216 1.0 0.93834996
10400 33 0.04749819 1.0 0.93840003
10500 33 0.04464952 1.0 0.93764997
10600 33 0.047156014 1.0 0.93805003
10700 34 0.044925526 1.0 0.9381
10800 34 0.043627564 1.0 0.9376
10900 34 0.047977664 1.0 0.93785
11000 35 0.046075784 1.0 0.93780005
11100 35 0.04989656 1.0 0.93795
11200 35 0.045387745 1.0 0.93729997
11300 36 0.041380525 1.0 0.93795
11400 36 0.04591264 1.0 0.9381
11500 36 0.042861544 1.0 0.93845
11600 37 0.05022262 1.0 0.93770003
11700 37 0.044758834 1.0 0.93834996
11800 37 0.048255242 1.0 0.93825
11900 38 0.047873333 1.0 0.93834996
12000 38 0.05260569 1.0 0.93825
12100 38 0.04247291 1.0 0.9382
12200 39 0.045827705 1.0 0.93815005
12300 39 0.049133617 1.0 0.93825
12400 39 0.04609041 1.0 0.93840003
12500 39 0.049776666 1.0 0.93835

