100 0 1.0016595 0.71484375 0.72615
200 0 0.887014 0.8125 0.8182
300 0 0.65538895 0.81640625 0.79385
400 1 0.54088247 0.9296875 0.85475
500 1 0.50546545 0.9140625 0.86755
600 1 0.61330694 0.890625 0.89565
700 2 0.60176325 0.890625 0.8948
800 2 0.55191207 0.9140625 0.8981
900 2 0.5507619 0.92578125 0.90975
1000 3 0.33563772 0.96484375 0.90235
1100 3 0.38846695 0.96484375 0.90735
1200 3 0.37659064 0.9765625 0.90769994
1300 4 0.2862094 0.9609375 0.90540004
1400 4 0.35859436 0.94921875 0.9065
1500 4 0.40697002 0.9453125 0.9195
1600 5 0.38865465 0.9453125 0.9118
1700 5 0.25368667 0.98046875 0.9158
1800 5 0.29213 0.95703125 0.9166
1900 6 0.22630085 0.96484375 0.91705
2000 6 0.2888167 0.96875 0.91365004
2100 6 0.26434445 0.9765625 0.91595
2200 7 0.2375962 0.953125 0.91305
2300 7 0.21663792 0.9765625 0.92005
2400 7 0.24147987 0.984375 0.92315
2500 7 0.23236659 0.98046875 0.9139
2600 8 0.13019636 0.9921875 0.9151
2700 8 0.16683455 1.0 0.9206
2800 8 0.20742303 0.95703125 0.9106
2900 9 0.17665304 0.96484375 0.90645003
3000 9 0.119745664 0.9921875 0.91635
3100 9 0.14980516 0.99609375 0.9274
3200 10 0.14902207 0.98046875 0.9227
3300 10 0.12876107 0.99609375 0.92315
3400 10 0.13470985 0.984375 0.9213
3500 11 0.096153356 1.0 0.92509997
3600 11 0.113378465 1.0 0.92755
3700 11 0.103041574 1.0 0.9287
3800 12 0.108038045 1.0 0.91785
3900 12 0.11703272 1.0 0.9291
4000 12 0.0989929 1.0 0.93
4100 13 0.08635602 1.0 0.92915
4200 13 0.099176705 1.0 0.92925
4300 13 0.08898564 1.0 0.9317
4400 14 0.07409646 1.0 0.92755
4500 14 0.086302094 1.0 0.9318
4600 14 0.09001656 1.0 0.93050003
4700 15 0.082834855 1.0 0.93299997
4800 15 0.07593492 1.0 0.9314
4900 15 0.07192136 1.0 0.9311
5000 15 0.08668023 1.0 0.9303
5100 16 0.07263225 1.0 0.9324
5200 16 0.073799215 1.0 0.9316
5300 16 0.07437207 1.0 0.93135
5400 17 0.06279921 1.0 0.93155
5500 17 0.06907345 1.0 0.9338
5600 17 0.06515746 1.0 0.9323
5700 18 0.06325367 1.0 0.9345
5800 18 0.06402959 1.0 0.9348
5900 18 0.062609576 1.0 0.9336
6000 19 0.06781827 1.0 0.93439996
6100 19 0.065074995 1.0 0.93410003
6200 19 0.06299624 1.0 0.9342
6300 20 0.057916492 1.0 0.93465
6400 20 0.05860867 1.0 0.93439996
6500 20 0.064649165 1.0 0.93490005
6600 21 0.057716418 1.0 0.93509996
6700 21 0.061672837 1.0 0.9351
6800 21 0.07091501 1.0 0.9345
6900 22 0.05596415 1.0 0.93420005
7000 22 0.0561961 1.0 0.93455
7100 22 0.053913936 1.0 0.9335
7200 23 0.057435617 1.0 0.93455005
7300 23 0.06548173 1.0 0.93525004
7400 23 0.060999736 1.0 0.9348
7500 23 0.06296349 1.0 0.9333
7600 24 0.055179834 1.0 0.9347
7700 24 0.06200786 1.0 0.9354
7800 24 0.059144028 1.0 0.93499994
7900 25 0.05298485 1.0 0.93525
8000 25 0.05382607 1.0 0.93499994
8100 25 0.057582248 1.0 0.9348
8200 26 0.05355467 1.0 0.9333
8300 26 0.068048835 1.0 0.93445003
8400 26 0.052205205 1.0 0.93385005
8500 27 0.04781899 1.0 0.93445003
8600 27 0.055591576 1.0 0.9346
8700 27 0.05242151 1.0 0.9345
8800 28 0.058639787 1.0 0.93585
8900 28 0.05051745 1.0 0.9348
9000 28 0.049157873 1.0 0.9355
9100 29 0.05282028 1.0 0.9358
9200 29 0.047353458 1.0 0.9357
9300 29 0.050709434 1.0 0.93445003
9400 30 0.055305004 1.0 0.93505
9500 30 0.048597757 1.0 0.93515
9600 30 0.050148185 1.0 0.9354
9700 31 0.058195844 1.0 0.9354
9800 31 0.04591141 1.0 0.9353
9900 31 0.044900924 1.0 0.9348
10000 31 0.04853832 1.0 0.93565
10100 32 0.049698822 1.0 0.93585
10200 32 0.048587836 1.0 0.93565
10300 32 0.050308075 1.0 0.93565
10400 33 0.044919573 1.0 0.93509996
10500 33 0.05872484 1.0 0.93515
10600 33 0.045910656 1.0 0.93595004
10700 34 0.051510893 1.0 0.93555
10800 34 0.046134204 1.0 0.9357
10900 34 0.045922752 1.0 0.9359
11000 35 0.060461525 1.0 0.93585
11100 35 0.049767368 1.0 0.9355
11200 35 0.044777013 1.0 0.93525
11300 36 0.04980865 1.0 0.936
11400 36 0.04416012 1.0 0.93615
11500 36 0.04745143 1.0 0.9357
11600 37 0.049135838 1.0 0.93544996
11700 37 0.044128194 1.0 0.93579996
11800 37 0.04684466 1.0 0.9361
11900 38 0.050155565 1.0 0.93595004
12000 38 0.04720068 1.0 0.93579996
12100 38 0.046311222 1.0 0.9357
12200 39 0.043914422 1.0 0.9354
12300 39 0.046607137 1.0 0.93555
12400 39 0.046400756 1.0 0.9359
12500 39 0.050165206 1.0 0.93575

