100 0 0.995154 0.742188 0.7321
200 0 0.869328 0.820312 0.8084
300 0 0.66536 0.832031 0.7972
400 0 0.668689 0.800781 0.82575
500 1 0.641074 0.886719 0.87305
600 1 0.56093 0.894531 0.8557
700 1 0.598225 0.863281 0.87555
800 1 0.564443 0.914062 0.8928
900 1 0.522239 0.917969 0.8858
1000 2 0.370047 0.960938 0.90325
1100 2 0.510868 0.914062 0.90695
1200 2 0.444734 0.871094 0.8815
1300 2 0.426371 0.9375 0.9141
1400 2 0.459533 0.929688 0.91945
1500 3 0.360244 0.9375 0.90825
1600 3 0.468185 0.90625 0.91035
1700 3 0.339486 0.933594 0.9239
1800 3 0.333345 0.949219 0.9191
1900 4 0.260775 0.96875 0.92315
2000 4 0.271752 0.964844 0.92075
2100 4 0.343507 0.933594 0.91915
2200 4 0.278241 0.960938 0.9162
2300 4 0.29723 0.953125 0.92545
2400 5 0.238012 0.957031 0.9235
2500 5 0.225571 0.972656 0.92005
2600 5 0.256046 0.960938 0.9261
2700 5 0.170826 0.984375 0.9187
2800 5 0.25704 0.980469 0.9249
2900 6 0.237252 0.957031 0.91895
3000 6 0.20416 0.988281 0.9255
3100 6 0.241413 0.976562 0.9266
3200 6 0.204292 0.953125 0.913
3300 7 0.173904 0.953125 0.922
3400 7 0.147077 0.984375 0.9291
3500 7 0.155319 1.0 0.9288
3600 7 0.194172 0.976562 0.9197
3700 7 0.150812 0.996094 0.9286
3800 8 0.145084 0.988281 0.92765
3900 8 0.126013 0.992188 0.93515
4000 8 0.141598 0.996094 0.93245
4100 8 0.174432 0.980469 0.9317
4200 8 0.118408 0.992188 0.92695
4300 9 0.106137 0.996094 0.93485
4400 9 0.0987699 1.0 0.93495
4500 9 0.117925 1.0 0.9317
4600 9 0.103965 0.988281 0.9256
4700 10 0.0978732 1.0 0.9369
4800 10 0.107542 0.988281 0.92635
4900 10 0.101615 0.988281 0.9355
5000 10 0.099567 0.996094 0.9368
5100 10 0.103279 1.0 0.93365
5200 11 0.0907558 1.0 0.9341
5300 11 0.106043 1.0 0.9368
5400 11 0.0910451 0.992188 0.93745
5500 11 0.0899425 0.992188 0.9341
5600 11 0.112682 0.996094 0.93745
5700 12 0.0949895 0.996094 0.939
5800 12 0.0906074 1.0 0.9386
5900 12 0.0722715 0.996094 0.93865
6000 12 0.0893988 1.0 0.93735
6100 13 0.0803646 0.992188 0.9316
6200 13 0.0778869 1.0 0.93665
6300 13 0.0998834 1.0 0.93855
6400 13 0.0840586 1.0 0.94095
6500 13 0.102997 1.0 0.9391
6600 14 0.0768575 1.0 0.94085
6700 14 0.0750724 1.0 0.9385
6800 14 0.0790606 1.0 0.94005
6900 14 0.0783553 0.996094 0.93725
7000 14 0.069536 1.0 0.9358
7100 15 0.0824997 1.0 0.93715
7200 15 0.0680727 1.0 0.939
7300 15 0.0735632 1.0 0.94115
7400 15 0.0670998 1.0 0.9413
7500 15 0.0718697 1.0 0.941
7600 16 0.0876748 1.0 0.9412
7700 16 0.0619021 1.0 0.94025
7800 16 0.0706656 1.0 0.9418
7900 16 0.0600832 1.0 0.94125
8000 17 0.0762447 1.0 0.94245
8100 17 0.0890015 1.0 0.94245
8200 17 0.0651575 1.0 0.9417
8300 17 0.0716781 1.0 0.94195
8400 17 0.0623386 1.0 0.94245
8500 18 0.0649431 1.0 0.9419
8600 18 0.0741483 1.0 0.94195
8700 18 0.0648809 1.0 0.9419
8800 18 0.109095 1.0 0.9425
8900 18 0.0646115 1.0 0.94245
9000 19 0.066914 1.0 0.94205
9100 19 0.0677535 1.0 0.9425
9200 19 0.0728483 1.0 0.94235
9300 19 0.0641366 1.0 0.9416
9400 20 0.0610063 1.0 0.9425
9500 20 0.0646794 1.0 0.9417
9600 20 0.0717592 1.0 0.9425
9700 20 0.0624884 1.0 0.9425
9800 20 0.0773088 1.0 0.94245
9900 21 0.0626114 1.0 0.94295
10000 21 0.0624457 1.0 0.9428
10100 21 0.0601869 1.0 0.94335
10200 21 0.0778511 1.0 0.9433
10300 21 0.0663297 1.0 0.9432
10400 22 0.0699263 1.0 0.94335
10500 22 0.0687093 1.0 0.94225
10600 22 0.0616844 1.0 0.9428
10700 22 0.059101 1.0 0.94275
10800 23 0.0664211 1.0 0.94275
10900 23 0.0653668 1.0 0.9429
11000 23 0.0602127 1.0 0.9426
11100 23 0.0716662 1.0 0.9434
11200 23 0.0593007 1.0 0.9426
11300 24 0.0580463 1.0 0.94295
11400 24 0.0636308 1.0 0.94285
11500 24 0.0664709 1.0 0.94235
11600 24 0.0656726 1.0 0.94305
11700 24 0.0636228 1.0 0.943
11800 25 0.0604287 1.0 0.9422
11900 25 0.0565738 1.0 0.9436
12000 25 0.0675526 1.0 0.9428
12100 25 0.0578995 1.0 0.94285
12200 26 0.0624981 1.0 0.9421
12300 26 0.05964 1.0 0.9433
12400 26 0.0621594 1.0 0.9434
12500 26 0.0845012 1.0 0.94295
12600 26 0.0557896 1.0 0.9432
12700 27 0.0696731 1.0 0.9428
12800 27 0.0640239 1.0 0.94295
12900 27 0.056543 1.0 0.9439
13000 27 0.0524072 1.0 0.94295
13100 27 0.0581469 1.0 0.94315
13200 28 0.0674949 1.0 0.9435
13300 28 0.0639432 1.0 0.94335
13400 28 0.0647337 1.0 0.94315
13500 28 0.0684083 1.0 0.94385
13600 29 0.062126 1.0 0.944
13700 29 0.0580028 1.0 0.9437
13800 29 0.057071 1.0 0.94385
13900 29 0.0575139 1.0 0.9436
14000 29 0.0627943 1.0 0.94335

