100 0 1.00873 0.675781 0.6793
200 0 0.858193 0.753906 0.7735
300 0 0.678222 0.820312 0.7749
400 0 0.714507 0.738281 0.76905
500 1 0.625655 0.835938 0.83885
600 1 0.560701 0.859375 0.83935
700 1 0.597603 0.855469 0.86425
800 1 0.510618 0.917969 0.88665
900 1 0.592895 0.882812 0.90505
1000 2 0.4814 0.894531 0.88855
1100 2 0.392099 0.957031 0.9072
1200 2 0.432577 0.925781 0.90485
1300 2 0.456811 0.933594 0.9044
1400 2 0.561998 0.917969 0.9138
1500 3 0.330807 0.941406 0.90245
1600 3 0.334813 0.925781 0.9042
1700 3 0.472838 0.90625 0.898
1800 3 0.415131 0.949219 0.9017
1900 4 0.303968 0.957031 0.918
2000 4 0.306402 0.964844 0.9179
2100 4 0.242014 0.976562 0.92405
2200 4 0.284742 0.953125 0.92145
2300 4 0.267727 0.972656 0.9212
2400 5 0.214626 0.960938 0.9171
2500 5 0.298994 0.953125 0.90885
2600 5 0.261688 0.960938 0.9209
2700 5 0.266076 0.921875 0.91635
2800 5 0.212411 0.96875 0.92495
2900 6 0.170176 0.960938 0.92285
3000 6 0.221441 0.972656 0.90695
3100 6 0.217561 0.953125 0.92075
3200 6 0.152324 0.988281 0.9312
3300 7 0.237603 0.953125 0.9085
3400 7 0.172996 0.953125 0.90695
3500 7 0.170419 0.980469 0.92015
3600 7 0.155782 0.976562 0.9202
3700 7 0.167559 0.988281 0.9234
3800 8 0.161024 0.996094 0.92575
3900 8 0.121852 0.988281 0.92435
4000 8 0.165351 0.984375 0.9245
4100 8 0.131488 0.984375 0.9331
4200 8 0.13936 0.980469 0.9263
4300 9 0.148937 0.988281 0.9271
4400 9 0.141411 0.996094 0.9325
4500 9 0.117838 0.988281 0.92675
4600 9 0.103325 0.988281 0.93255
4700 10 0.102853 0.992188 0.92955
4800 10 0.0964677 0.996094 0.9337
4900 10 0.101637 0.992188 0.9351
5000 10 0.123571 0.988281 0.93205
5100 10 0.113286 0.988281 0.93715
5200 11 0.119993 1.0 0.9332
5300 11 0.0982343 0.996094 0.93735
5400 11 0.101515 1.0 0.9345
5500 11 0.103856 0.996094 0.9346
5600 11 0.111622 0.984375 0.92875
5700 12 0.0916544 0.996094 0.93675
5800 12 0.115627 0.996094 0.93525
5900 12 0.098261 0.996094 0.93555
6000 12 0.120357 0.996094 0.9365
6100 13 0.0810517 0.996094 0.9329
6200 13 0.0799913 1.0 0.93835
6300 13 0.0880993 1.0 0.9382
6400 13 0.0868624 0.996094 0.9342
6500 13 0.0825798 1.0 0.9372
6600 14 0.0812497 1.0 0.93955
6700 14 0.0904522 1.0 0.93605
6800 14 0.0677093 1.0 0.9376
6900 14 0.0731226 1.0 0.9391
7000 14 0.0751931 1.0 0.939
7100 15 0.0815843 1.0 0.9391
7200 15 0.0833139 1.0 0.939
7300 15 0.0748132 1.0 0.9382
7400 15 0.0705414 1.0 0.93935
7500 15 0.0753115 1.0 0.93955
7600 16 0.0758 1.0 0.93905
7700 16 0.0843915 1.0 0.93925
7800 16 0.073059 1.0 0.93945
7900 16 0.072118 1.0 0.94025
8000 17 0.0806804 1.0 0.94005
8100 17 0.0698617 1.0 0.9404
8200 17 0.0738807 1.0 0.9396
8300 17 0.0646115 1.0 0.94
8400 17 0.0714658 1.0 0.93995
8500 18 0.0800075 1.0 0.94085
8600 18 0.0744053 1.0 0.93965
8700 18 0.0755966 1.0 0.9395
8800 18 0.0642492 1.0 0.93985
8900 18 0.0676897 1.0 0.9402
9000 19 0.0613586 1.0 0.94045
9100 19 0.0638904 1.0 0.94075
9200 19 0.0626089 1.0 0.94145
9300 19 0.0612947 1.0 0.9406
9400 20 0.0599162 1.0 0.94085
9500 20 0.0680176 1.0 0.94035
9600 20 0.0709513 1.0 0.94015
9700 20 0.062697 1.0 0.94045
9800 20 0.0588307 1.0 0.9404
9900 21 0.0678451 1.0 0.94095
10000 21 0.0609748 1.0 0.9409
10100 21 0.0691851 1.0 0.94075
10200 21 0.066077 1.0 0.9402
10300 21 0.0703526 1.0 0.9415
10400 22 0.0851537 1.0 0.9411
10500 22 0.0636235 1.0 0.94125
10600 22 0.059067 1.0 0.94065
10700 22 0.0623731 1.0 0.9408
10800 23 0.0632968 1.0 0.94125
10900 23 0.0641706 1.0 0.9412
11000 23 0.0567375 1.0 0.9408
11100 23 0.0684173 1.0 0.9409
11200 23 0.0641488 1.0 0.9411
11300 24 0.0593014 1.0 0.94105
11400 24 0.0732607 1.0 0.94085
11500 24 0.059447 1.0 0.941
11600 24 0.0651796 1.0 0.94105
11700 24 0.0662713 1.0 0.94125
11800 25 0.0564152 1.0 0.94135
11900 25 0.0648917 1.0 0.94115
12000 25 0.0660184 1.0 0.9415
12100 25 0.0543104 1.0 0.94125
12200 26 0.0666627 1.0 0.94135
12300 26 0.062249 1.0 0.9411
12400 26 0.0544435 1.0 0.9412
12500 26 0.0648128 1.0 0.94095
12600 26 0.0566045 1.0 0.94155
12700 27 0.0639528 1.0 0.9409
12800 27 0.0613657 1.0 0.9411
12900 27 0.0567868 1.0 0.9411
13000 27 0.0614414 1.0 0.9409
13100 27 0.0659561 1.0 0.9415
13200 28 0.0625316 1.0 0.9414
13300 28 0.0670329 1.0 0.9414
13400 28 0.0649989 1.0 0.94135
13500 28 0.0607272 1.0 0.9413
13600 29 0.0595621 1.0 0.94125
13700 29 0.0685298 1.0 0.94125
13800 29 0.0626144 1.0 0.94135
13900 29 0.0596432 1.0 0.94145
14000 29 0.0685408 1.0 0.9417

