100 0 1.00891 0.496094 0.51705
200 0 0.900179 0.707031 0.69935
300 0 0.680284 0.789062 0.75085
400 0 0.720007 0.742188 0.75905
500 1 0.623295 0.785156 0.79295
600 1 0.575619 0.835938 0.81705
700 1 0.584288 0.871094 0.8721
800 1 0.461761 0.882812 0.83025
900 1 0.546662 0.847656 0.8528
1000 2 0.442959 0.90625 0.89195
1100 2 0.479469 0.914062 0.8841
1200 2 0.426589 0.957031 0.911
1300 2 0.384656 0.953125 0.91725
1400 2 0.406452 0.925781 0.91125
1500 3 0.373155 0.957031 0.9227
1600 3 0.243511 0.980469 0.92195
1700 3 0.226536 0.976562 0.91925
1800 3 0.424468 0.9375 0.9217
1900 4 0.361711 0.957031 0.92395
2000 4 0.338369 0.957031 0.92535
2100 4 0.194932 0.960938 0.9132
2200 4 0.208983 0.96875 0.9147
2300 4 0.245268 0.972656 0.92135
2400 5 0.164496 0.984375 0.924
2500 5 0.176703 0.96875 0.90865
2600 5 0.229207 0.960938 0.91285
2700 5 0.208458 0.976562 0.92485
2800 5 0.228953 0.96875 0.92745
2900 6 0.185124 0.976562 0.92425
3000 6 0.147052 0.980469 0.9228
3100 6 0.166206 0.988281 0.9242
3200 6 0.19062 0.976562 0.9248
3300 7 0.128757 0.996094 0.92275
3400 7 0.134413 0.988281 0.92625
3500 7 0.202181 0.988281 0.92575
3600 7 0.149772 0.988281 0.9298
3700 7 0.13542 0.996094 0.92935
3800 8 0.136267 0.984375 0.93295
3900 8 0.188789 0.984375 0.92865
4000 8 0.119965 0.996094 0.93365
4100 8 0.108589 0.996094 0.92645
4200 8 0.110509 0.996094 0.92795
4300 9 0.0915084 1.0 0.93115
4400 9 0.0952737 0.996094 0.9323
4500 9 0.0894181 1.0 0.92985
4600 9 0.0834185 1.0 0.9326
4700 10 0.0812256 1.0 0.93575
4800 10 0.0945937 1.0 0.93335
4900 10 0.0807579 1.0 0.93365
5000 10 0.085832 0.996094 0.9326
5100 10 0.0875665 1.0 0.93585
5200 11 0.0789358 1.0 0.9368
5300 11 0.0951858 1.0 0.93655
5400 11 0.0759164 1.0 0.93495
5500 11 0.0741557 1.0 0.9371
5600 11 0.100906 1.0 0.9368
5700 12 0.0658198 1.0 0.93315
5800 12 0.0718161 1.0 0.9362
5900 12 0.0785983 1.0 0.93645
6000 12 0.0664339 1.0 0.9341
6100 13 0.0693876 1.0 0.93545
6200 13 0.0728204 1.0 0.937
6300 13 0.0775243 1.0 0.93645
6400 13 0.0686409 1.0 0.9361
6500 13 0.0667298 1.0 0.93795
6600 14 0.0637287 1.0 0.9369
6700 14 0.0671753 1.0 0.9367
6800 14 0.0669106 1.0 0.93695
6900 14 0.0700385 1.0 0.93675
7000 14 0.0633827 1.0 0.9355
7100 15 0.0587466 1.0 0.93765
7200 15 0.0711385 1.0 0.93675
7300 15 0.0665096 1.0 0.937
7400 15 0.0649857 1.0 0.9368
7500 15 0.0699394 1.0 0.93715
7600 16 0.0606633 1.0 0.93695
7700 16 0.0672916 1.0 0.93655
7800 16 0.0627392 1.0 0.9361
7900 16 0.0610781 1.0 0.93765
8000 17 0.0564352 1.0 0.9369
8100 17 0.0662392 1.0 0.93715
8200 17 0.0638899 1.0 0.9366
8300 17 0.0588358 1.0 0.9372
8400 17 0.055193 1.0 0.9363
8500 18 0.0569023 1.0 0.93695
8600 18 0.0651686 1.0 0.9372
8700 18 0.0682843 1.0 0.9371
8800 18 0.0562324 1.0 0.9374
8900 18 0.0608655 1.0 0.9377
9000 19 0.059043 1.0 0.93785
9100 19 0.0672212 1.0 0.9375
9200 19 0.0603046 1.0 0.9375
9300 19 0.058471 1.0 0.93745
9400 20 0.0541878 1.0 0.93805
9500 20 0.0530843 1.0 0.9381
9600 20 0.0595709 1.0 0.93805
9700 20 0.0562085 1.0 0.938
9800 20 0.051078 1.0 0.93795
9900 21 0.0559928 1.0 0.93755
10000 21 0.0550665 1.0 0.93725
10100 21 0.0578686 1.0 0.93775
10200 21 0.0561639 1.0 0.93825
10300 21 0.0561052 1.0 0.93775
10400 22 0.0515412 1.0 0.938
10500 22 0.059503 1.0 0.93865
10600 22 0.0615844 1.0 0.93815
10700 22 0.0585548 1.0 0.93785
10800 23 0.053927 1.0 0.93805
10900 23 0.0571741 1.0 0.93795
11000 23 0.0515107 1.0 0.9378
11100 23 0.0571997 1.0 0.9386
11200 23 0.0549608 1.0 0.93875
11300 24 0.0703488 1.0 0.9382
11400 24 0.050188 1.0 0.93785
11500 24 0.0548506 1.0 0.93855
11600 24 0.0588925 1.0 0.9381
11700 24 0.0524694 1.0 0.9384
11800 25 0.0601905 1.0 0.93815
11900 25 0.0514996 1.0 0.9385
12000 25 0.0510005 1.0 0.93795
12100 25 0.052308 1.0 0.9382
12200 26 0.0577382 1.0 0.93815
12300 26 0.0559689 1.0 0.93855
12400 26 0.053773 1.0 0.93825
12500 26 0.0543773 1.0 0.9381
12600 26 0.0570165 1.0 0.938
12700 27 0.0567113 1.0 0.93815
12800 27 0.051937 1.0 0.93825
12900 27 0.0508416 1.0 0.93845
13000 27 0.0538422 1.0 0.9384
13100 27 0.0533733 1.0 0.9383
13200 28 0.0500546 1.0 0.9384
13300 28 0.0512541 1.0 0.9384
13400 28 0.0483608 1.0 0.93845
13500 28 0.0539231 1.0 0.9386
13600 29 0.0605129 1.0 0.93795
13700 29 0.0504302 1.0 0.93845
13800 29 0.0515818 1.0 0.93845
13900 29 0.0512884 1.0 0.9386
14000 29 0.0584181 1.0 0.9383

