100 0 1.02246 0.632812 0.65095
200 0 0.969623 0.636719 0.64045
300 0 0.72582 0.730469 0.7
400 0 0.658072 0.742188 0.74155
500 1 0.796281 0.761719 0.7845
600 1 0.535258 0.765625 0.71835
700 1 0.625978 0.839844 0.8629
800 1 0.710227 0.808594 0.8069
900 1 0.515905 0.800781 0.84195
1000 2 0.48472 0.925781 0.8882
1100 2 0.38528 0.945312 0.87945
1200 2 0.455217 0.914062 0.8907
1300 2 0.444596 0.875 0.88015
1400 2 0.469708 0.914062 0.90015
1500 3 0.400942 0.917969 0.8977
1600 3 0.650616 0.882812 0.90465
1700 3 0.399182 0.90625 0.9032
1800 3 0.551808 0.886719 0.90755
1900 4 0.278063 0.941406 0.91735
2000 4 0.443007 0.949219 0.91885
2100 4 0.308932 0.9375 0.9191
2200 4 0.324064 0.972656 0.9071
2300 4 0.490465 0.925781 0.91605
2400 5 0.300516 0.960938 0.9151
2500 5 0.310834 0.957031 0.91405
2600 5 0.331266 0.949219 0.9212
2700 5 0.372586 0.9375 0.92515
2800 5 0.284594 0.960938 0.93
2900 6 0.275276 0.945312 0.9303
3000 6 0.210233 0.949219 0.91525
3100 6 0.255896 0.96875 0.9262
3200 6 0.297865 0.949219 0.9228
3300 7 0.235408 0.960938 0.9264
3400 7 0.156058 0.988281 0.92945
3500 7 0.168227 0.980469 0.92135
3600 7 0.263837 0.972656 0.92985
3700 7 0.291148 0.945312 0.9225
3800 8 0.206459 0.984375 0.9276
3900 8 0.248409 0.949219 0.9215
4000 8 0.2172 0.964844 0.9223
4100 8 0.127378 0.980469 0.9282
4200 8 0.136026 0.984375 0.93135
4300 9 0.237275 0.972656 0.93305
4400 9 0.155741 0.988281 0.9332
4500 9 0.11483 0.996094 0.9327
4600 9 0.133027 0.980469 0.9337
4700 10 0.139085 0.949219 0.9188
4800 10 0.165235 0.96875 0.9277
4900 10 0.0952364 0.972656 0.93235
5000 10 0.0609975 1.0 0.9321
5100 10 0.0702029 1.0 0.9368
5200 11 0.109659 0.992188 0.9275
5300 11 0.0810379 0.992188 0.9361
5400 11 0.117111 0.992188 0.935
5500 11 0.0941103 0.988281 0.93135
5600 11 0.0946319 1.0 0.9366
5700 12 0.0610758 1.0 0.93335
5800 12 0.0632532 0.988281 0.93725
5900 12 0.0855048 0.992188 0.9353
6000 12 0.0612961 1.0 0.93575
6100 13 0.0670448 0.996094 0.93955
6200 13 0.0633501 0.996094 0.93765
6300 13 0.0606455 0.988281 0.9402
6400 13 0.0656426 0.996094 0.93785
6500 13 0.0860137 0.996094 0.9337
6600 14 0.0534567 1.0 0.93715
6700 14 0.0743306 0.992188 0.93865
6800 14 0.0557571 0.988281 0.9311
6900 14 0.0496914 1.0 0.93945
7000 14 0.062876 0.996094 0.9399
7100 15 0.0475273 1.0 0.93915
7200 15 0.0490275 1.0 0.941
7300 15 0.0496053 0.996094 0.94095
7400 15 0.056658 1.0 0.9397
7500 15 0.0423558 1.0 0.9391
7600 16 0.0546198 0.996094 0.9375
7700 16 0.0478258 1.0 0.9387
7800 16 0.0394366 0.996094 0.9393
7900 16 0.0393431 0.988281 0.93445
8000 17 0.0385886 1.0 0.9395
8100 17 0.0487444 0.996094 0.942
8200 17 0.039393 1.0 0.9415
8300 17 0.0400731 1.0 0.94195
8400 17 0.033351 1.0 0.94185
8500 18 0.0469759 1.0 0.94115
8600 18 0.0380964 1.0 0.94245
8700 18 0.0445634 1.0 0.94255
8800 18 0.03829 1.0 0.9427
8900 18 0.0318284 1.0 0.9413
9000 19 0.0356841 1.0 0.9406
9100 19 0.0306996 1.0 0.94165
9200 19 0.0432298 1.0 0.93875
9300 19 0.0326132 1.0 0.9419
9400 20 0.0387291 1.0 0.94105
9500 20 0.0346885 1.0 0.9413
9600 20 0.0328821 1.0 0.94275
9700 20 0.0324475 1.0 0.9421
9800 20 0.0348716 1.0 0.94115
9900 21 0.0344163 1.0 0.94145
10000 21 0.0344813 1.0 0.94205
10100 21 0.0330933 1.0 0.94135
10200 21 0.0357807 1.0 0.942
10300 21 0.0316365 1.0 0.94225
10400 22 0.0314143 1.0 0.94225
10500 22 0.0293992 1.0 0.94205
10600 22 0.0387207 1.0 0.9426
10700 22 0.032118 1.0 0.94165
10800 23 0.0385615 1.0 0.94205
10900 23 0.0318607 1.0 0.94165
11000 23 0.0328299 1.0 0.94155
11100 23 0.0308964 1.0 0.94145
11200 23 0.0353277 1.0 0.94225
11300 24 0.0316514 1.0 0.9412
11400 24 0.0353722 1.0 0.9419
11500 24 0.0338914 1.0 0.9414
11600 24 0.0303073 1.0 0.94165
11700 24 0.0299907 1.0 0.94165
11800 25 0.028481 1.0 0.94155
11900 25 0.0338323 1.0 0.94135
12000 25 0.0320431 1.0 0.94175
12100 25 0.033401 1.0 0.9423
12200 26 0.0338931 1.0 0.94145
12300 26 0.0335105 1.0 0.94115
12400 26 0.02643 1.0 0.9417
12500 26 0.0276714 1.0 0.94185
12600 26 0.0287592 1.0 0.9415
12700 27 0.0297935 1.0 0.9414
12800 27 0.032266 1.0 0.94135
12900 27 0.0279196 1.0 0.94125
13000 27 0.0284579 1.0 0.94125
13100 27 0.0302729 1.0 0.94225
13200 28 0.0299208 1.0 0.942
13300 28 0.0327152 1.0 0.9415
13400 28 0.030565 1.0 0.94175
13500 28 0.0294852 1.0 0.94215
13600 29 0.0283875 1.0 0.94175
13700 29 0.0295442 1.0 0.9417
13800 29 0.0286598 1.0 0.9413
13900 29 0.0282899 1.0 0.9419
14000 29 0.0291734 1.0 0.9416

