100 0 0.982266 0.574219 0.5507
200 0 0.857974 0.75 0.7388
300 0 0.659978 0.789062 0.73945
400 0 0.704167 0.777344 0.7916
500 1 0.724646 0.773438 0.82355
600 1 0.549807 0.863281 0.85325
700 1 0.575638 0.867188 0.87185
800 1 0.670057 0.871094 0.89885
900 1 0.526748 0.882812 0.8789
1000 2 0.462955 0.929688 0.9003
1100 2 0.454416 0.910156 0.8919
1200 2 0.399092 0.949219 0.92235
1300 2 0.527342 0.90625 0.8977
1400 2 0.376074 0.921875 0.90685
1500 3 0.317426 0.933594 0.912
1600 3 0.308343 0.964844 0.91865
1700 3 0.263174 0.972656 0.91725
1800 3 0.249941 0.972656 0.9213
1900 4 0.307885 0.96875 0.92535
2000 4 0.373039 0.929688 0.9177
2100 4 0.284938 0.949219 0.90975
2200 4 0.20393 0.960938 0.91155
2300 4 0.313937 0.921875 0.9117
2400 5 0.298663 0.972656 0.927
2500 5 0.191584 0.964844 0.92145
2600 5 0.249321 0.917969 0.87785
2700 5 0.186074 0.988281 0.93155
2800 5 0.208974 0.957031 0.9198
2900 6 0.191135 0.976562 0.917
3000 6 0.197002 0.855469 0.8603
3100 6 0.246493 0.964844 0.92515
3200 6 0.230583 0.957031 0.9262
3300 7 0.186074 0.972656 0.92915
3400 7 0.141949 0.980469 0.9306
3500 7 0.143137 0.988281 0.92275
3600 7 0.156657 0.960938 0.929
3700 7 0.12915 0.949219 0.91115
3800 8 0.138476 1.0 0.93455
3900 8 0.122332 0.984375 0.93055
4000 8 0.133019 0.988281 0.93795
4100 8 0.120859 0.992188 0.935
4200 8 0.121394 0.984375 0.9314
4300 9 0.14498 1.0 0.93875
4400 9 0.134559 0.984375 0.935
4500 9 0.101206 0.992188 0.9326
4600 9 0.124646 0.980469 0.93815
4700 10 0.0966551 1.0 0.9389
4800 10 0.0914181 1.0 0.93705
4900 10 0.0976486 0.988281 0.9358
5000 10 0.112018 0.984375 0.93305
5100 10 0.119552 0.980469 0.93025
5200 11 0.0831574 0.996094 0.9378
5300 11 0.0830401 0.984375 0.9298
5400 11 0.0956067 0.996094 0.9356
5500 11 0.0983817 0.992188 0.93165
5600 11 0.0867731 0.996094 0.9393
5700 12 0.0860484 1.0 0.94155
5800 12 0.0878813 1.0 0.9427
5900 12 0.078508 0.996094 0.93955
6000 12 0.0878122 1.0 0.9418
6100 13 0.0764526 0.996094 0.9413
6200 13 0.0692286 1.0 0.94275
6300 13 0.0762307 1.0 0.93925
6400 13 0.0764141 1.0 0.94165
6500 13 0.0879547 1.0 0.9426
6600 14 0.0899247 1.0 0.94165
6700 14 0.0848507 1.0 0.94255
6800 14 0.0753522 1.0 0.94035
6900 14 0.070735 1.0 0.941
7000 14 0.0786813 1.0 0.9433
7100 15 0.0761549 1.0 0.9426
7200 15 0.0668376 1.0 0.9431
7300 15 0.0716188 1.0 0.94415
7400 15 0.0717614 1.0 0.9436
7500 15 0.0670557 1.0 0.9433
7600 16 0.0759744 1.0 0.94265
7700 16 0.0686655 1.0 0.9429
7800 16 0.0682748 1.0 0.94225
7900 16 0.0631071 1.0 0.9426
8000 17 0.0692567 1.0 0.94295
8100 17 0.064182 1.0 0.94325
8200 17 0.0686712 1.0 0.94335
8300 17 0.0711019 1.0 0.9417
8400 17 0.0694199 1.0 0.9422
8500 18 0.0738513 1.0 0.94415
8600 18 0.0852291 1.0 0.94275
8700 18 0.0697987 1.0 0.94365
8800 18 0.0727195 1.0 0.9433
8900 18 0.0756223 1.0 0.94275
9000 19 0.0645502 1.0 0.9445
9100 19 0.0641367 1.0 0.94395
9200 19 0.078231 1.0 0.94405
9300 19 0.0701368 1.0 0.94505
9400 20 0.0630127 1.0 0.94435
9500 20 0.0633761 1.0 0.944
9600 20 0.0580084 1.0 0.9445
9700 20 0.0624127 1.0 0.94395
9800 20 0.0642526 1.0 0.94385
9900 21 0.0617596 1.0 0.94335
10000 21 0.0572389 1.0 0.9445
10100 21 0.0616847 1.0 0.94445
10200 21 0.0653676 1.0 0.9441
10300 21 0.069181 1.0 0.9445
10400 22 0.0602886 1.0 0.9444
10500 22 0.0650167 1.0 0.9442
10600 22 0.0602387 1.0 0.9441
10700 22 0.0600036 1.0 0.94395
10800 23 0.0565965 1.0 0.94375
10900 23 0.0572408 1.0 0.9426
11000 23 0.0626575 1.0 0.9442
11100 23 0.0708519 1.0 0.9441
11200 23 0.0639668 1.0 0.9439
11300 24 0.0543953 1.0 0.9444
11400 24 0.0625433 1.0 0.94465
11500 24 0.0579313 1.0 0.94405
11600 24 0.055512 1.0 0.9439
11700 24 0.0542679 1.0 0.9442
11800 25 0.0510981 1.0 0.9442
11900 25 0.0639104 1.0 0.9439
12000 25 0.0554187 1.0 0.94425
12100 25 0.0707613 1.0 0.94425
12200 26 0.0612039 1.0 0.94415
12300 26 0.053922 1.0 0.94405
12400 26 0.0621079 1.0 0.94445
12500 26 0.0560808 1.0 0.9441
12600 26 0.0584292 1.0 0.9444
12700 27 0.0589039 1.0 0.94495
12800 27 0.0555118 1.0 0.9444
12900 27 0.0546494 1.0 0.94455
13000 27 0.0561443 1.0 0.9446
13100 27 0.0598694 1.0 0.94415
13200 28 0.0582599 1.0 0.9442
13300 28 0.0561116 1.0 0.945
13400 28 0.0545321 1.0 0.94475
13500 28 0.0522729 1.0 0.9446
13600 29 0.0633466 1.0 0.9441
13700 29 0.0549899 1.0 0.94475
13800 29 0.0790873 1.0 0.9443
13900 29 0.0565256 1.0 0.94455
14000 29 0.0543786 1.0 0.94495

