100 0 0.988791 0.449219 0.49165
200 0 0.887771 0.773438 0.7631
300 0 0.677109 0.804688 0.7931
400 0 0.689867 0.816406 0.8287
500 1 0.557013 0.898438 0.83985
600 1 0.580104 0.894531 0.88545
700 1 0.476519 0.917969 0.84715
800 1 0.594654 0.828125 0.876
900 1 0.52055 0.898438 0.90355
1000 2 0.44227 0.914062 0.88995
1100 2 0.50641 0.867188 0.9015
1200 2 0.493867 0.910156 0.9027
1300 2 0.568441 0.902344 0.90305
1400 2 0.401559 0.9375 0.91145
1500 3 0.359125 0.945312 0.90045
1600 3 0.344022 0.941406 0.91445
1700 3 0.330337 0.929688 0.90825
1800 3 0.287472 0.960938 0.91275
1900 4 0.367373 0.933594 0.918
2000 4 0.320044 0.949219 0.9019
2100 4 0.343408 0.9375 0.9231
2200 4 0.369636 0.9375 0.9069
2300 4 0.255699 0.957031 0.9223
2400 5 0.237255 0.960938 0.92025
2500 5 0.296729 0.886719 0.88005
2600 5 0.266634 0.945312 0.91515
2700 5 0.247899 0.925781 0.8743
2800 5 0.243731 0.941406 0.91595
2900 6 0.214717 0.972656 0.9285
3000 6 0.170623 0.988281 0.92345
3100 6 0.236513 0.9375 0.8959
3200 6 0.228971 0.910156 0.8909
3300 7 0.177534 0.953125 0.9061
3400 7 0.191282 0.933594 0.88735
3500 7 0.223039 0.941406 0.9146
3600 7 0.143817 0.9375 0.8947
3700 7 0.124449 0.953125 0.8899
3800 8 0.126086 0.957031 0.91115
3900 8 0.132955 0.960938 0.91715
4000 8 0.162139 0.992188 0.92975
4100 8 0.14442 0.96875 0.91885
4200 8 0.143816 0.992188 0.92895
4300 9 0.160191 0.972656 0.9147
4400 9 0.142206 0.980469 0.92685
4500 9 0.107015 0.980469 0.92015
4600 9 0.100284 0.980469 0.9272
4700 10 0.0984582 0.992188 0.9283
4800 10 0.133215 0.976562 0.93235
4900 10 0.113184 0.933594 0.89925
5000 10 0.11941 0.988281 0.9299
5100 10 0.126583 0.972656 0.92615
5200 11 0.0948115 0.996094 0.92655
5300 11 0.0975804 0.992188 0.92735
5400 11 0.0993182 0.988281 0.92845
5500 11 0.105535 0.984375 0.9031
5600 11 0.0909584 1.0 0.9343
5700 12 0.0868691 0.996094 0.92995
5800 12 0.0901815 0.996094 0.9323
5900 12 0.0869504 0.996094 0.92875
6000 12 0.0888401 0.992188 0.9371
6100 13 0.0803514 0.996094 0.932
6200 13 0.0776623 1.0 0.93795
6300 13 0.088978 1.0 0.93845
6400 13 0.0765027 1.0 0.9337
6500 13 0.0805751 1.0 0.93545
6600 14 0.0725622 1.0 0.93425
6700 14 0.0714106 1.0 0.93935
6800 14 0.0907272 0.996094 0.9337
6900 14 0.0882766 1.0 0.9405
7000 14 0.0817434 0.996094 0.93925
7100 15 0.0714719 1.0 0.94025
7200 15 0.0873014 1.0 0.9403
7300 15 0.075981 1.0 0.93765
7400 15 0.0754932 1.0 0.93495
7500 15 0.0717346 1.0 0.93605
7600 16 0.0747881 1.0 0.9401
7700 16 0.0826327 1.0 0.94035
7800 16 0.0811775 1.0 0.9395
7900 16 0.101213 1.0 0.94075
8000 17 0.0681521 1.0 0.9424
8100 17 0.0790849 1.0 0.94165
8200 17 0.0668286 1.0 0.94125
8300 17 0.0678724 1.0 0.9418
8400 17 0.0785429 1.0 0.9422
8500 18 0.0735439 1.0 0.94085
8600 18 0.0619974 1.0 0.9404
8700 18 0.0716818 1.0 0.9411
8800 18 0.0750716 1.0 0.9417
8900 18 0.0712946 1.0 0.94245
9000 19 0.0668522 1.0 0.9424
9100 19 0.0722776 1.0 0.9418
9200 19 0.0678806 1.0 0.9424
9300 19 0.0687409 1.0 0.94265
9400 20 0.0842529 1.0 0.9418
9500 20 0.0715162 1.0 0.94155
9600 20 0.0691901 1.0 0.94335
9700 20 0.0781354 1.0 0.9428
9800 20 0.0773463 1.0 0.9436
9900 21 0.0607056 1.0 0.94345
10000 21 0.0637339 1.0 0.944
10100 21 0.0660333 1.0 0.94325
10200 21 0.0659832 1.0 0.9416
10300 21 0.0671911 1.0 0.9433
10400 22 0.0644865 1.0 0.94345
10500 22 0.066273 1.0 0.94175
10600 22 0.0732463 1.0 0.9441
10700 22 0.0702903 1.0 0.94385
10800 23 0.0647138 1.0 0.9442
10900 23 0.0613851 1.0 0.94295
11000 23 0.0606089 1.0 0.9428
11100 23 0.0651998 1.0 0.9435
11200 23 0.0692659 1.0 0.9439
11300 24 0.0644869 1.0 0.94335
11400 24 0.0679124 1.0 0.94265
11500 24 0.0649958 1.0 0.94375
11600 24 0.0601524 1.0 0.94335
11700 24 0.0666368 1.0 0.94345
11800 25 0.0599004 1.0 0.94415
11900 25 0.0564934 1.0 0.9439
12000 25 0.0624674 1.0 0.94435
12100 25 0.0638351 1.0 0.94365
12200 26 0.0728763 1.0 0.9431
12300 26 0.0640329 1.0 0.944
12400 26 0.059072 1.0 0.9445
12500 26 0.0714417 1.0 0.94455
12600 26 0.0781758 1.0 0.94395
12700 27 0.0670302 1.0 0.94375
12800 27 0.0565746 1.0 0.944
12900 27 0.0687318 1.0 0.94425
13000 27 0.0620513 1.0 0.94375
13100 27 0.0596619 1.0 0.94455
13200 28 0.0614653 1.0 0.94395
13300 28 0.0562198 1.0 0.9432
13400 28 0.0690888 1.0 0.94375
13500 28 0.0633385 1.0 0.94385
13600 29 0.0578865 1.0 0.9441
13700 29 0.0804831 1.0 0.94405
13800 29 0.0563267 1.0 0.9434
13900 29 0.0560839 1.0 0.94325
14000 29 0.070906 1.0 0.94405

