100 0 1.00886 0.585938 0.59415
200 0 0.875342 0.753906 0.749
300 0 0.635112 0.773438 0.75985
400 0 0.675447 0.8125 0.8088
500 1 0.557642 0.859375 0.8347
600 1 0.562289 0.875 0.8573
700 1 0.657967 0.902344 0.889
800 1 0.57929 0.863281 0.8653
900 1 0.37338 0.949219 0.90855
1000 2 0.479062 0.914062 0.91365
1100 2 0.365256 0.921875 0.90665
1200 2 0.509064 0.949219 0.91785
1300 2 0.381357 0.945312 0.91885
1400 2 0.351936 0.96875 0.92065
1500 3 0.360279 0.960938 0.9223
1600 3 0.436193 0.9375 0.9224
1700 3 0.350665 0.949219 0.9254
1800 3 0.293614 0.980469 0.92815
1900 4 0.265542 0.960938 0.9265
2000 4 0.265387 0.960938 0.92775
2100 4 0.4015 0.953125 0.92935
2200 4 0.261915 0.96875 0.92775
2300 4 0.282697 0.980469 0.9326
2400 5 0.25575 0.988281 0.93225
2500 5 0.239056 0.976562 0.9302
2600 5 0.224962 0.976562 0.92865
2700 5 0.189086 0.992188 0.9289
2800 5 0.310318 0.96875 0.9201
2900 6 0.198032 0.96875 0.92845
3000 6 0.193601 0.980469 0.9323
3100 6 0.233212 0.992188 0.93165
3200 6 0.275147 0.96875 0.93455
3300 7 0.123812 1.0 0.93385
3400 7 0.149286 0.992188 0.93355
3500 7 0.16464 0.992188 0.93235
3600 7 0.154476 0.988281 0.93335
3700 7 0.178572 0.984375 0.93275
3800 8 0.133732 0.996094 0.934
3900 8 0.160716 1.0 0.93195
4000 8 0.132495 0.996094 0.9298
4100 8 0.109295 0.996094 0.9275
4200 8 0.128197 0.996094 0.93135
4300 9 0.119854 0.992188 0.9351
4400 9 0.101985 0.988281 0.9318
4500 9 0.132409 0.988281 0.93125
4600 9 0.120908 1.0 0.93415
4700 10 0.0981523 0.996094 0.93645
4800 10 0.0930544 0.996094 0.93485
4900 10 0.104906 1.0 0.9369
5000 10 0.121979 0.992188 0.937
5100 10 0.0846 1.0 0.937
5200 11 0.0914884 1.0 0.937
5300 11 0.092118 1.0 0.93585
5400 11 0.0863695 0.992188 0.936
5500 11 0.0832524 1.0 0.93635
5600 11 0.0939123 1.0 0.9351
5700 12 0.0857667 1.0 0.93595
5800 12 0.0829119 1.0 0.9364
5900 12 0.0867873 0.996094 0.93695
6000 12 0.0761295 1.0 0.93735
6100 13 0.0873991 1.0 0.93735
6200 13 0.0904908 1.0 0.93735
6300 13 0.0816472 1.0 0.93765
6400 13 0.0812361 1.0 0.9378
6500 13 0.0819605 1.0 0.93805
6600 14 0.0734665 1.0 0.9384
6700 14 0.0737727 1.0 0.93785
6800 14 0.0790517 1.0 0.9392
6900 14 0.0837667 1.0 0.9386
7000 14 0.0735995 1.0 0.93875
7100 15 0.0671558 1.0 0.9381
7200 15 0.0969132 1.0 0.93915
7300 15 0.0787656 1.0 0.9395
7400 15 0.0731673 1.0 0.93855
7500 15 0.0798614 1.0 0.9387
7600 16 0.069002 1.0 0.9386
7700 16 0.0624057 1.0 0.93925
7800 16 0.0678328 1.0 0.93985
7900 16 0.0699563 1.0 0.9392
8000 17 0.0723219 1.0 0.9385
8100 17 0.0762413 1.0 0.9386
8200 17 0.0637959 1.0 0.93845
8300 17 0.0625771 1.0 0.9395
8400 17 0.0705015 1.0 0.9389
8500 18 0.0663875 1.0 0.9387
8600 18 0.0623907 1.0 0.9384
8700 18 0.0696752 1.0 0.93925
8800 18 0.0612837 1.0 0.93915
8900 18 0.0626952 1.0 0.9386
9000 19 0.0693614 1.0 0.938
9100 19 0.0743339 1.0 0.93835
9200 19 0.0826408 1.0 0.93825
9300 19 0.0855329 1.0 0.93875
9400 20 0.0608451 1.0 0.939
9500 20 0.0717549 1.0 0.9385
9600 20 0.0646006 1.0 0.93865
9700 20 0.0615571 1.0 0.9385
9800 20 0.0584695 1.0 0.93945
9900 21 0.0659032 1.0 0.939
10000 21 0.0708873 1.0 0.93885
10100 21 0.0869002 1.0 0.9394
10200 21 0.0593304 1.0 0.939
10300 21 0.0563733 1.0 0.93925
10400 22 0.0727541 1.0 0.93875
10500 22 0.0647928 1.0 0.9383
10600 22 0.0620671 1.0 0.9383
10700 22 0.0642749 1.0 0.93905
10800 23 0.0572386 1.0 0.9385
10900 23 0.0777092 1.0 0.9386
11000 23 0.0653739 1.0 0.93905
11100 23 0.0584205 1.0 0.93875
11200 23 0.0624342 1.0 0.9391
11300 24 0.0685112 1.0 0.93915
11400 24 0.0554023 1.0 0.93875
11500 24 0.0688446 1.0 0.9388
11600 24 0.0639463 1.0 0.93885
11700 24 0.0651724 1.0 0.9386
11800 25 0.0544266 1.0 0.9388
11900 25 0.063916 1.0 0.9385
12000 25 0.0724324 1.0 0.93875
12100 25 0.0571946 1.0 0.9389
12200 26 0.0579051 1.0 0.93905
12300 26 0.0609309 1.0 0.9392
12400 26 0.0602516 1.0 0.93905
12500 26 0.0567039 1.0 0.93895
12600 26 0.0538212 1.0 0.93875
12700 27 0.0605406 1.0 0.93925
12800 27 0.053463 1.0 0.9389
12900 27 0.0553389 1.0 0.9395
13000 27 0.06572 1.0 0.9394
13100 27 0.0589457 1.0 0.93905
13200 28 0.0644659 1.0 0.93895
13300 28 0.0604644 1.0 0.939
13400 28 0.0655745 1.0 0.93915
13500 28 0.0587079 1.0 0.93935
13600 29 0.0555284 1.0 0.93915
13700 29 0.0609985 1.0 0.93935
13800 29 0.0635988 1.0 0.93945
13900 29 0.0616759 1.0 0.9391
14000 29 0.0605719 1.0 0.93895

