100 0 1.00606 0.644531 0.63545
200 0 0.875219 0.804688 0.78565
300 0 0.674038 0.792969 0.78435
400 0 0.663589 0.851562 0.8286
500 1 0.770251 0.835938 0.87435
600 1 0.619044 0.898438 0.89065
700 1 0.529448 0.902344 0.8904
800 1 0.521177 0.875 0.8849
900 1 0.513136 0.921875 0.91075
1000 2 0.396025 0.894531 0.89835
1100 2 0.408708 0.9375 0.92045
1200 2 0.348542 0.945312 0.91335
1300 2 0.480271 0.929688 0.9188
1400 2 0.515998 0.925781 0.91665
1500 3 0.426111 0.957031 0.92495
1600 3 0.403084 0.957031 0.92425
1700 3 0.329115 0.957031 0.91975
1800 3 0.264158 0.964844 0.90175
1900 4 0.345473 0.941406 0.9132
2000 4 0.266779 0.96875 0.9198
2100 4 0.313654 0.964844 0.92385
2200 4 0.364933 0.964844 0.9253
2300 4 0.237197 0.976562 0.9243
2400 5 0.291187 0.957031 0.92625
2500 5 0.268838 0.957031 0.9244
2600 5 0.257497 0.960938 0.9287
2700 5 0.25193 0.964844 0.9282
2800 5 0.309925 0.960938 0.923
2900 6 0.168806 0.980469 0.921
3000 6 0.20406 0.976562 0.9255
3100 6 0.239069 0.988281 0.9294
3200 6 0.225898 0.980469 0.9267
3300 7 0.14399 0.996094 0.9335
3400 7 0.26108 0.992188 0.93365
3500 7 0.139544 0.988281 0.929
3600 7 0.172566 0.992188 0.92985
3700 7 0.186897 0.988281 0.93515
3800 8 0.142879 0.976562 0.9284
3900 8 0.147726 0.988281 0.9337
4000 8 0.132236 0.988281 0.93515
4100 8 0.135404 0.996094 0.9338
4200 8 0.128846 0.988281 0.933
4300 9 0.154716 1.0 0.9358
4400 9 0.111612 1.0 0.93675
4500 9 0.108904 1.0 0.93285
4600 9 0.151149 0.992188 0.9361
4700 10 0.103675 1.0 0.93845
4800 10 0.0923764 1.0 0.93815
4900 10 0.13117 0.996094 0.93335
5000 10 0.115659 1.0 0.9364
5100 10 0.11669 0.996094 0.93325
5200 11 0.0923518 1.0 0.93685
5300 11 0.0951793 0.996094 0.93875
5400 11 0.0953132 0.992188 0.93715
5500 11 0.090154 1.0 0.9371
5600 11 0.0826536 1.0 0.93945
5700 12 0.107624 1.0 0.9392
5800 12 0.0891338 0.996094 0.93905
5900 12 0.0851911 1.0 0.93695
6000 12 0.0952991 1.0 0.93775
6100 13 0.0693155 1.0 0.9395
6200 13 0.0753481 1.0 0.9392
6300 13 0.0986409 1.0 0.94
6400 13 0.0825706 1.0 0.9403
6500 13 0.0775783 1.0 0.9377
6600 14 0.101905 1.0 0.93955
6700 14 0.0783421 1.0 0.9374
6800 14 0.0800814 1.0 0.94065
6900 14 0.098913 1.0 0.94105
7000 14 0.0785568 1.0 0.94095
7100 15 0.0724832 1.0 0.94185
7200 15 0.0818873 1.0 0.94155
7300 15 0.0680236 1.0 0.94165
7400 15 0.0709634 1.0 0.94105
7500 15 0.0662766 1.0 0.94135
7600 16 0.0794019 1.0 0.94135
7700 16 0.0750457 1.0 0.94105
7800 16 0.0694637 1.0 0.94225
7900 16 0.0711616 1.0 0.94135
8000 17 0.073222 1.0 0.9414
8100 17 0.0634729 1.0 0.9416
8200 17 0.065811 1.0 0.94195
8300 17 0.0644316 1.0 0.9417
8400 17 0.0717425 1.0 0.94105
8500 18 0.0693167 1.0 0.9396
8600 18 0.0708344 1.0 0.94155
8700 18 0.0646918 1.0 0.94115
8800 18 0.0666025 1.0 0.9411
8900 18 0.0659622 1.0 0.94145
9000 19 0.0601619 1.0 0.94115
9100 19 0.0715718 1.0 0.9413
9200 19 0.0636354 1.0 0.94145
9300 19 0.0734649 1.0 0.94105
9400 20 0.0709642 1.0 0.94125
9500 20 0.065574 1.0 0.9419
9600 20 0.0746983 1.0 0.9416
9700 20 0.0655614 1.0 0.9412
9800 20 0.0694835 1.0 0.94195
9900 21 0.0642125 1.0 0.9416
10000 21 0.0629019 1.0 0.9415
10100 21 0.0606656 1.0 0.9413
10200 21 0.0598758 1.0 0.9414
10300 21 0.0704969 1.0 0.9413
10400 22 0.063097 1.0 0.94175
10500 22 0.0599377 1.0 0.94195
10600 22 0.0744159 1.0 0.9421
10700 22 0.0640646 1.0 0.9427
10800 23 0.0680973 1.0 0.94215
10900 23 0.0651851 1.0 0.9415
11000 23 0.0589847 1.0 0.94205
11100 23 0.0579728 1.0 0.94135
11200 23 0.0623982 1.0 0.9417
11300 24 0.0626251 1.0 0.9415
11400 24 0.0573629 1.0 0.94185
11500 24 0.0666268 1.0 0.94205
11600 24 0.0633408 1.0 0.9418
11700 24 0.058143 1.0 0.9413
11800 25 0.054737 1.0 0.94175
11900 25 0.0586598 1.0 0.94135
12000 25 0.0567554 1.0 0.94145
12100 25 0.0637733 1.0 0.94155
12200 26 0.0556562 1.0 0.94155
12300 26 0.0572863 1.0 0.94185
12400 26 0.0626871 1.0 0.9421
12500 26 0.0606937 1.0 0.94185
12600 26 0.066204 1.0 0.9419
12700 27 0.0624398 1.0 0.942
12800 27 0.055544 1.0 0.94185
12900 27 0.0764262 1.0 0.9418
13000 27 0.0631358 1.0 0.94175
13100 27 0.0618748 1.0 0.94235
13200 28 0.0550495 1.0 0.94205
13300 28 0.0537713 1.0 0.9418
13400 28 0.0610008 1.0 0.9423
13500 28 0.062926 1.0 0.9423
13600 29 0.0562133 1.0 0.942
13700 29 0.053494 1.0 0.9419
13800 29 0.0615127 1.0 0.9426
13900 29 0.0568946 1.0 0.94185
14000 29 0.0624645 1.0 0.9417

